Codi,Date,Longitude,Latitude,Pressure,Temperature,Salinity,Oxygen,DEPTH,Bottom Depth
ST11_1, May 03 2021,-7.7467,36.3431,1035.0,12.96,36.5802,185.7,1025.0,1035.0
ST11_2, May 03 2021,-7.7467,36.3431,1034.0,12.98,36.5832,185.9,1024.0,1035.0
ST11_3, May 03 2021,-7.7467,36.3431,928.0,13.05,36.5905,187.0,920.0,1035.0
ST11_4, May 03 2021,-7.7467,36.3431,929.0,13.06,36.5933,187.2,920.0,1035.0
ST11_5, May 03 2021,-7.7467,36.3431,857.0,13.08,36.5726,188.1,849.0,1035.0
ST11_6, May 03 2021,-7.7467,36.3431,857.0,13.08,36.572,188.1,849.0,1035.0
ST11_7, May 03 2021,-7.7467,36.3431,805.0,13.1,36.5105,189.7,798.0,1035.0
ST11_8, May 03 2021,-7.7467,36.3431,805.0,13.1,36.5127,189.7,798.0,1035.0
ST11_9, May 03 2021,-7.7467,36.3431,757.0,12.91,36.4187,189.0,750.0,1035.0
ST11_10, May 03 2021,-7.7467,36.3431,757.0,12.91,36.4184,188.8,750.0,1035.0
ST11_11, May 03 2021,-7.7467,36.3431,665.0,11.99,36.0712,181.8,659.0,1035.0
ST11_12, May 03 2021,-7.7467,36.3431,664.0,11.98,36.0682,181.9,658.0,1035.0
ST11_13, May 03 2021,-7.7467,36.3431,605.0,10.97,35.6801,172.0,599.0,1035.0
ST11_14, May 03 2021,-7.7467,36.3431,605.0,10.98,35.6823,172.7,600.0,1035.0
ST11_15, May 03 2021,-7.7467,36.3431,454.0,11.5,35.6145,189.0,451.0,1035.0
ST11_16, May 03 2021,-7.7467,36.3431,454.0,11.51,35.6137,189.1,450.0,1035.0
ST11_17, May 03 2021,-7.7467,36.3431,454.0,11.51,35.6131,189.1,451.0,1035.0
ST11_18, May 03 2021,-7.7467,36.3431,454.0,11.51,35.6139,189.4,450.0,1035.0
ST11_19, May 03 2021,-7.7467,36.3431,201.0,13.56,35.8088,205.1,199.0,1035.0
ST11_20, May 03 2021,-7.7467,36.3431,202.0,13.57,35.8097,205.3,200.0,1035.0
ST11_21, May 03 2021,-7.7467,36.3431,69.0,16.42,36.3043,230.9,69.0,1035.0
ST11_22, May 03 2021,-7.7467,36.3431,67.0,16.54,36.3231,230.5,67.0,1035.0
ST11_23, May 03 2021,-7.7467,36.3431,21.0,18.26,36.4445,243.1,21.0,1035.0
ST11_24, May 03 2021,-7.7467,36.3431,21.0,18.32,36.4504,242.7,21.0,1035.0
TW1_Cont-11, May 03 2021,-7.7467,36.3431,,,,,5.0,
ST12_1, May 03 2021,-7.6445,36.6077,860.0,12.8,36.5155,185.1,852.0,862.0
ST12_2, May 03 2021,-7.6445,36.6077,860.0,12.8,36.5157,185.1,852.0,862.0
ST12_3, May 03 2021,-7.6445,36.6077,756.0,12.97,36.4117,189.3,750.0,862.0
ST12_4, May 03 2021,-7.6445,36.6077,756.0,12.97,36.4126,189.5,749.0,862.0
ST12_5, May 03 2021,-7.6445,36.6077,606.0,12.8,36.2543,190.6,600.0,862.0
ST12_6, May 03 2021,-7.6445,36.6077,606.0,12.8,36.2537,190.8,600.0,862.0
ST12_7, May 03 2021,-7.6445,36.6077,554.0,12.07,35.9907,186.1,549.0,862.0
ST12_8, May 03 2021,-7.6445,36.6077,554.0,11.58,35.8132,182.9,549.0,862.0
ST12_9, May 03 2021,-7.6445,36.6077,546.0,11.36,35.7187,179.4,542.0,862.0
ST12_10, May 03 2021,-7.6445,36.6077,546.0,11.36,35.7181,179.4,541.0,862.0
ST12_11, May 03 2021,-7.6445,36.6077,510.0,11.28,35.6558,179.7,505.0,862.0
ST12_12, May 03 2021,-7.6445,36.6077,510.0,11.27,35.6487,179.6,505.0,862.0
ST12_13, May 03 2021,-7.6445,36.6077,353.0,12.46,35.6751,197.0,350.0,862.0
ST12_14, May 03 2021,-7.6445,36.6077,353.0,12.44,35.6782,197.3,350.0,862.0
ST12_15, May 03 2021,-7.6445,36.6077,353.0,12.46,35.678,197.4,350.0,862.0
ST12_16, May 03 2021,-7.6445,36.6077,353.0,12.45,35.6787,197.5,350.0,862.0
ST12_17, May 03 2021,-7.6445,36.6077,202.0,13.94,35.8602,206.5,200.0,862.0
ST12_18, May 03 2021,-7.6445,36.6077,202.0,13.91,35.856,206.4,200.0,862.0
ST12_19, May 03 2021,-7.6445,36.6077,69.0,16.89,36.3857,234.4,69.0,862.0
ST12_20, May 03 2021,-7.6445,36.6077,69.0,16.89,36.3858,234.5,69.0,862.0
ST12_21, May 03 2021,-7.6445,36.6077,69.0,16.89,36.3861,234.7,69.0,862.0
ST12_22, May 03 2021,-7.6445,36.6077,69.0,16.9,36.3878,234.8,69.0,862.0
ST12_23, May 03 2021,-7.6445,36.6077,21.0,18.18,36.4711,240.6,21.0,862.0
ST12_24, May 03 2021,-7.6445,36.6077,21.0,18.2,36.4725,240.7,21.0,862.0
TW1_Cont-12, May 03 2021,-7.6445,36.6077,,,,,5.0,
ST14_1, May 03 2021,-7.7729,36.888,723.0,13.33,36.4628,193.1,717.0,727.0
ST14_2, May 03 2021,-7.7729,36.888,723.0,13.32,36.4626,193.1,717.0,727.0
ST14_3, May 03 2021,-7.7729,36.888,631.0,13.23,36.4051,193.3,626.0,727.0
ST14_4, May 03 2021,-7.7729,36.888,631.0,13.23,36.4049,193.4,626.0,727.0
ST14_5, May 03 2021,-7.7729,36.888,576.0,13.15,36.3568,193.5,571.0,727.0
ST14_6, May 03 2021,-7.7729,36.888,576.0,13.14,36.3545,193.6,571.0,727.0
ST14_7, May 03 2021,-7.7729,36.888,555.0,13.58,36.4405,196.9,550.0,727.0
ST14_8, May 03 2021,-7.7729,36.888,555.0,13.58,36.441,197.1,550.0,727.0
ST14_9, May 03 2021,-7.7729,36.888,444.0,13.57,36.249,199.6,440.0,727.0
ST14_10, May 03 2021,-7.7729,36.888,444.0,13.57,36.2499,199.9,440.0,727.0
ST14_11, May 03 2021,-7.7729,36.888,444.0,13.58,36.2513,199.5,440.0,727.0
ST14_12, May 03 2021,-7.7729,36.888,444.0,13.58,36.2508,199.9,441.0,727.0
ST14_13, May 03 2021,-7.7729,36.888,379.0,13.04,35.9418,200.2,376.0,727.0
ST14_14, May 03 2021,-7.7729,36.888,379.0,13.03,35.9386,200.1,376.0,727.0
ST14_15, May 03 2021,-7.7729,36.888,379.0,13.02,35.9367,199.9,376.0,727.0
ST14_16, May 03 2021,-7.7729,36.888,379.0,13.02,35.9357,200.1,376.0,727.0
ST14_17, May 03 2021,-7.7729,36.888,113.0,14.99,36.0165,215.7,112.0,727.0
ST14_18, May 03 2021,-7.7729,36.888,113.0,14.99,36.024,216.3,112.0,727.0
ST14_19, May 03 2021,-7.7729,36.888,76.0,16.52,36.3305,236.9,75.0,727.0
ST14_20, May 03 2021,-7.7729,36.888,76.0,16.57,36.3383,237.6,75.0,727.0
ST14_21, May 03 2021,-7.7729,36.888,76.0,16.57,36.3404,238.7,75.0,727.0
ST14_22, May 03 2021,-7.7729,36.888,76.0,16.57,36.3414,239.0,75.0,727.0
ST14_23, May 03 2021,-7.7729,36.888,21.0,18.03,36.4227,240.5,21.0,727.0
ST14_24, May 03 2021,-7.7729,36.888,22.0,18.03,36.4231,240.4,21.0,727.0
TW1_Cont-14, May 03 2021,-7.7729,36.888,,,,,5.0,
ST15_1, May 03 2021,-8.1838,35.9679,2003.0,4.71,35.1891,237.0,1979.0,1989.0
ST15_2, May 03 2021,-8.1838,35.9679,2003.0,4.71,35.1895,237.0,1979.0,1989.0
ST15_3, May 03 2021,-8.1838,35.9679,1820.0,5.41,35.2943,230.5,1799.0,1989.0
ST15_4, May 03 2021,-8.1838,35.9679,1820.0,5.41,35.2945,230.5,1799.0,1989.0
ST15_5, May 03 2021,-8.1838,35.9679,1516.0,7.61,35.6635,208.2,1500.0,1989.0
ST15_6, May 03 2021,-8.1838,35.9679,1517.0,7.62,35.6623,208.2,1500.0,1989.0
ST15_7, May 03 2021,-8.1838,35.9679,1314.0,9.64,36.0102,189.1,1300.0,1989.0
ST15_8, May 03 2021,-8.1838,35.9679,1314.0,9.65,36.0105,189.3,1300.0,1989.0
ST15_9, May 03 2021,-8.1838,35.9679,1120.0,10.84,36.1852,181.2,1109.0,1989.0
ST15_10, May 03 2021,-8.1838,35.9679,1120.0,10.84,36.1859,181.1,1109.0,1989.0
ST15_11, May 03 2021,-8.1838,35.9679,908.0,10.71,35.9371,175.5,900.0,1989.0
ST15_12, May 03 2021,-8.1838,35.9679,908.0,10.71,35.935,175.6,899.0,1989.0
ST15_13, May 03 2021,-8.1838,35.9679,656.0,11.46,35.7704,183.2,650.0,1989.0
ST15_14, May 03 2021,-8.1838,35.9679,656.0,11.47,35.7685,183.2,650.0,1989.0
ST15_15, May 03 2021,-8.1838,35.9679,504.0,11.66,35.6174,198.4,500.0,1989.0
ST15_16, May 03 2021,-8.1838,35.9679,503.0,11.65,35.6176,198.4,499.0,1989.0
ST15_17, May 03 2021,-8.1838,35.9679,352.0,12.45,35.6664,205.2,349.0,1989.0
ST15_18, May 03 2021,-8.1838,35.9679,352.0,12.47,35.6693,205.5,350.0,1989.0
ST15_19, May 03 2021,-8.1838,35.9679,202.0,13.95,35.8548,208.9,200.0,1989.0
ST15_20, May 03 2021,-8.1838,35.9679,202.0,13.96,35.8557,208.9,200.0,1989.0
ST15_21, May 03 2021,-8.1838,35.9679,79.0,16.91,36.4135,236.0,79.0,1989.0
ST15_22, May 03 2021,-8.1838,35.9679,79.0,16.91,36.4134,236.3,78.0,1989.0
ST15_23, May 03 2021,-8.1838,35.9679,21.0,18.8,36.5151,239.9,21.0,1989.0
ST15_24, May 03 2021,-8.1838,35.9679,21.0,18.77,36.5195,239.0,21.0,1989.0
TW1_Cont-15, May 03 2021,-8.1838,35.9679,,,,,5.0,
ST17_1, May 04 2021,-9.2863,37.3002,847.0,12.63,36.286,187.2,839.0,849.0
ST17_2, May 04 2021,-9.2863,37.3002,846.0,12.63,36.286,187.4,838.0,849.0
ST17_3, May 04 2021,-9.2863,37.3002,755.0,12.75,36.2932,189.1,748.0,849.0
ST17_4, May 04 2021,-9.2863,37.3002,754.0,12.75,36.2931,189.2,747.0,849.0
ST17_5, May 04 2021,-9.2863,37.3002,607.0,12.85,36.2875,191.5,602.0,849.0
ST17_6, May 04 2021,-9.2863,37.3002,607.0,12.84,36.2828,191.5,602.0,849.0
ST17_7, May 04 2021,-9.2863,37.3002,504.0,12.59,36.093,191.9,499.0,849.0
ST17_8, May 04 2021,-9.2863,37.3002,503.0,12.58,36.0896,191.9,499.0,849.0
ST17_9, May 04 2021,-9.2863,37.3002,434.0,12.37,35.8921,194.8,430.0,849.0
ST17_10, May 04 2021,-9.2863,37.3002,434.0,12.33,35.8626,194.9,430.0,849.0
ST17_11, May 04 2021,-9.2863,37.3002,352.0,12.25,35.6891,199.8,349.0,849.0
ST17_12, May 04 2021,-9.2863,37.3002,353.0,12.25,35.6897,199.4,350.0,849.0
ST17_13, May 04 2021,-9.2863,37.3002,353.0,12.25,35.6898,199.2,350.0,849.0
ST17_14, May 04 2021,-9.2863,37.3002,352.0,12.25,35.6904,199.4,350.0,849.0
ST17_15, May 04 2021,-9.2863,37.3002,204.0,13.67,35.8193,209.7,203.0,849.0
ST17_16, May 04 2021,-9.2863,37.3002,204.0,13.67,35.8207,209.8,202.0,849.0
ST17_17, May 04 2021,-9.2863,37.3002,101.0,15.24,36.0639,235.9,100.0,849.0
ST17_18, May 04 2021,-9.2863,37.3002,101.0,15.33,36.0817,236.6,100.0,849.0
ST17_19, May 04 2021,-9.2863,37.3002,56.0,15.69,36.1288,247.3,56.0,849.0
ST17_20, May 04 2021,-9.2863,37.3002,56.0,15.69,36.122,246.9,56.0,849.0
ST17_21, May 04 2021,-9.2863,37.3002,56.0,15.69,36.1245,247.1,56.0,849.0
ST17_22, May 04 2021,-9.2863,37.3002,56.0,15.69,36.1244,247.2,56.0,849.0
ST17_23, May 04 2021,-9.2863,37.3002,21.0,16.86,36.0757,251.6,21.0,849.0
ST17_24, May 04 2021,-9.2863,37.3002,21.0,16.83,36.0765,251.5,21.0,849.0
TW1_Cont-17, May 04 2021,-9.2863,37.3002,5.0,,,,5.0,849.0
ST19_1, May 04 2021,-9.3774,37.3373,981.0,12.13,36.3357,181.0,972.0,982.0
ST19_2, May 04 2021,-9.3774,37.3373,982.0,12.1,36.341,180.8,972.0,982.0
ST19_3, May 04 2021,-9.3774,37.3373,860.0,12.39,36.2533,184.5,852.0,982.0
ST19_4, May 04 2021,-9.3774,37.3373,860.0,12.39,36.2534,184.7,852.0,982.0
ST19_5, May 04 2021,-9.3774,37.3373,762.0,12.11,36.1378,182.6,755.0,982.0
ST19_6, May 04 2021,-9.3774,37.3373,762.0,12.1,36.1346,182.7,755.0,982.0
ST19_7, May 04 2021,-9.3774,37.3373,707.0,12.66,36.2295,188.5,701.0,982.0
ST19_8, May 04 2021,-9.3774,37.3373,708.0,12.67,36.2323,189.0,702.0,982.0
ST19_9, May 04 2021,-9.3774,37.3373,545.0,12.5,36.0264,191.4,540.0,982.0
ST19_10, May 04 2021,-9.3774,37.3373,545.0,12.55,36.035,191.6,540.0,982.0
ST19_11, May 04 2021,-9.3774,37.3373,356.0,12.22,35.6679,200.9,353.0,982.0
ST19_12, May 04 2021,-9.3774,37.3373,356.0,12.22,35.668,201.0,353.0,982.0
ST19_13, May 04 2021,-9.3774,37.3373,357.0,12.22,35.6681,200.9,354.0,982.0
ST19_14, May 04 2021,-9.3774,37.3373,357.0,12.22,35.6683,201.1,354.0,982.0
ST19_15, May 04 2021,-9.3774,37.3373,199.0,14.17,35.8887,214.5,197.0,982.0
ST19_16, May 04 2021,-9.3774,37.3373,198.0,14.19,35.8915,215.5,196.0,982.0
ST19_17, May 04 2021,-9.3774,37.3373,198.0,14.19,35.8918,215.8,196.0,982.0
ST19_18, May 04 2021,-9.3774,37.3373,197.0,14.19,35.893,216.2,195.0,982.0
ST19_19, May 04 2021,-9.3774,37.3373,59.0,15.73,36.1221,250.0,59.0,982.0
ST19_20, May 04 2021,-9.3774,37.3373,59.0,15.75,36.1239,250.1,58.0,982.0
ST19_21, May 04 2021,-9.3774,37.3373,59.0,15.75,36.1253,250.8,58.0,982.0
ST19_22, May 04 2021,-9.3774,37.3373,58.0,15.75,36.1259,250.7,57.0,982.0
ST19_23, May 04 2021,-9.3774,37.3373,20.0,17.2,36.0308,249.7,20.0,982.0
ST19_24, May 04 2021,-9.3774,37.3373,21.0,17.15,36.0384,249.9,20.0,982.0
TW1_Cont-19, May 04 2021,-9.3774,37.3373,5.0,,,,5.0,982.0
ST21_1, May 05 2021,-9.5514,37.4146,1515.0,9.83,36.0862,191.5,1498.0,1508.0
ST21_2, May 05 2021,-9.5514,37.4146,1514.0,9.78,36.0798,191.8,1498.0,1508.0
ST21_3, May 05 2021,-9.5514,37.4146,1415.0,10.27,36.1667,187.7,1400.0,1508.0
ST21_4, May 05 2021,-9.5514,37.4146,1415.0,10.33,36.168,187.8,1400.0,1508.0
ST21_5, May 05 2021,-9.5514,37.4146,1262.0,11.29,36.3252,180.6,1249.0,1508.0
ST21_6, May 05 2021,-9.5514,37.4146,1263.0,11.28,36.3242,180.6,1250.0,1508.0
ST21_7, May 05 2021,-9.5514,37.4146,1009.0,12.39,36.4359,181.1,999.0,1508.0
ST21_8, May 05 2021,-9.5514,37.4146,1009.0,12.38,36.4354,181.2,999.0,1508.0
ST21_9, May 05 2021,-9.5514,37.4146,807.0,12.34,36.2914,184.3,799.0,1508.0
ST21_10, May 05 2021,-9.5514,37.4146,807.0,12.35,36.286,184.4,800.0,1508.0
ST21_11, May 05 2021,-9.5514,37.4146,696.0,12.82,36.3072,190.5,690.0,1508.0
ST21_12, May 05 2021,-9.5514,37.4146,696.0,12.82,36.3073,190.8,690.0,1508.0
ST21_13, May 05 2021,-9.5514,37.4146,505.0,11.41,35.6616,184.4,501.0,1508.0
ST21_14, May 05 2021,-9.5514,37.4146,505.0,11.39,35.6629,185.1,501.0,1508.0
ST21_15, May 05 2021,-9.5514,37.4146,505.0,11.42,35.6621,184.8,501.0,1508.0
ST21_16, May 05 2021,-9.5514,37.4146,506.0,11.43,35.6653,185.3,501.0,1508.0
ST21_17, May 05 2021,-9.5514,37.4146,299.0,12.7,35.7359,202.4,297.0,1508.0
ST21_18, May 05 2021,-9.5514,37.4146,300.0,12.73,35.7366,202.2,297.0,1508.0
ST21_19, May 05 2021,-9.5514,37.4146,300.0,12.72,35.7377,202.4,297.0,1508.0
ST21_20, May 05 2021,-9.5514,37.4146,299.0,12.72,35.7378,202.6,297.0,1508.0
ST21_21, May 05 2021,-9.5514,37.4146,70.0,15.96,36.2027,237.1,70.0,1508.0
ST21_22, May 05 2021,-9.5514,37.4146,70.0,15.96,36.2026,238.4,70.0,1508.0
ST21_23, May 05 2021,-9.5514,37.4146,23.0,17.22,36.137,248.7,23.0,1508.0
ST21_24, May 05 2021,-9.5514,37.4146,23.0,17.22,36.1357,248.6,23.0,1508.0
TW1_Cont-21, May 05 2021,-9.5514,37.4146,5.0,,,,5.0,
ST22_1, May 05 2021,-9.639,37.4595,1816.0,5.37,35.2877,233.0,1794.0,1804.0
ST22_2, May 05 2021,-9.639,37.4595,1815.0,5.37,35.2891,233.0,1794.0,1804.0
ST22_3, May 05 2021,-9.639,37.4595,1720.0,6.16,35.4158,225.6,1701.0,1804.0
ST22_4, May 05 2021,-9.639,37.4595,1720.0,6.12,35.4082,225.2,1700.0,1804.0
ST22_5, May 05 2021,-9.639,37.4595,1514.0,8.61,35.8522,201.8,1497.0,1804.0
ST22_6, May 05 2021,-9.639,37.4595,1514.0,8.65,35.8605,201.3,1497.0,1804.0
ST22_7, May 05 2021,-9.639,37.4595,1263.0,11.16,36.3225,182.5,1250.0,1804.0
ST22_8, May 05 2021,-9.639,37.4595,1264.0,11.2,36.3265,182.2,1251.0,1804.0
ST22_9, May 05 2021,-9.639,37.4595,1010.0,12.0,36.3853,179.1,1000.0,1804.0
ST22_10, May 05 2021,-9.639,37.4595,1010.0,11.99,36.3828,179.3,1000.0,1804.0
ST22_11, May 05 2021,-9.639,37.4595,859.0,12.38,36.3936,183.2,851.0,1804.0
ST22_12, May 05 2021,-9.639,37.4595,860.0,12.37,36.3924,183.2,852.0,1804.0
ST22_13, May 05 2021,-9.639,37.4595,505.0,12.29,35.8902,192.9,500.0,1804.0
ST22_14, May 05 2021,-9.639,37.4595,506.0,12.29,35.8828,192.9,501.0,1804.0
ST22_15, May 05 2021,-9.639,37.4595,303.0,13.09,35.754,205.6,300.0,1804.0
ST22_16, May 05 2021,-9.639,37.4595,303.0,13.1,35.7596,205.9,301.0,1804.0
ST22_17, May 05 2021,-9.639,37.4595,101.0,16.05,36.2249,235.4,100.0,1804.0
ST22_18, May 05 2021,-9.639,37.4595,102.0,16.04,36.2256,236.5,101.0,1804.0
ST22_19, May 05 2021,-9.639,37.4595,101.0,16.04,36.228,236.7,100.0,1804.0
ST22_20, May 05 2021,-9.639,37.4595,75.0,16.47,36.3089,243.6,75.0,1804.0
ST22_21, May 05 2021,-9.639,37.4595,76.0,16.48,36.3108,244.0,75.0,1804.0
ST22_22, May 05 2021,-9.639,37.4595,75.0,16.48,36.3108,243.8,75.0,1804.0
ST22_23, May 05 2021,-9.639,37.4595,21.0,17.4,36.1442,245.8,21.0,1804.0
ST22_24, May 05 2021,-9.639,37.4595,22.0,17.4,36.1436,245.8,22.0,1804.0
TW1_Cont-22, May 05 2021,-9.639,37.4595,5.0,,,,5.0,
ST24_1, May 06 2021,-9.7041,38.3627,1934.0,5.05,35.2389,237.6,1911.0,1921.0
ST24_2, May 06 2021,-9.7041,38.3627,1933.0,5.05,35.2389,237.7,1910.0,1921.0
ST24_3, May 06 2021,-9.7041,38.3627,1783.0,5.73,35.3444,231.9,1762.0,1921.0
ST24_4, May 06 2021,-9.7041,38.3627,1783.0,5.73,35.3446,232.1,1762.0,1921.0
ST24_5, May 06 2021,-9.7041,38.3627,1415.0,10.07,36.1302,192.4,1400.0,1921.0
ST24_6, May 06 2021,-9.7041,38.3627,1416.0,10.16,36.1454,192.1,1400.0,1921.0
ST24_7, May 06 2021,-9.7041,38.3627,1213.0,11.35,36.3321,181.3,1200.0,1921.0
ST24_8, May 06 2021,-9.7041,38.3627,1213.0,11.35,36.3317,181.4,1200.0,1921.0
ST24_9, May 06 2021,-9.7041,38.3627,1113.0,11.44,36.3045,180.6,1101.0,1921.0
ST24_10, May 06 2021,-9.7041,38.3627,1111.0,11.44,36.3049,180.5,1100.0,1921.0
ST24_11, May 06 2021,-9.7041,38.3627,909.0,11.3,36.1002,179.0,900.0,1921.0
ST24_12, May 06 2021,-9.7041,38.3627,909.0,11.3,36.0989,179.0,900.0,1921.0
ST24_13, May 06 2021,-9.7041,38.3627,707.0,12.74,36.2427,191.0,700.0,1921.0
ST24_14, May 06 2021,-9.7041,38.3627,706.0,12.74,36.2429,191.1,700.0,1921.0
ST24_15, May 06 2021,-9.7041,38.3627,403.0,12.27,35.6868,199.9,400.0,1921.0
ST24_16, May 06 2021,-9.7041,38.3627,403.0,12.28,35.6865,200.1,400.0,1921.0
ST24_17, May 06 2021,-9.7041,38.3627,100.0,15.74,36.1782,239.9,99.0,1921.0
ST24_18, May 06 2021,-9.7041,38.3627,100.0,15.74,36.1776,239.5,99.0,1921.0
ST24_19, May 06 2021,-9.7041,38.3627,100.0,15.74,36.1785,239.4,99.0,1921.0
ST24_20, May 06 2021,-9.7041,38.3627,61.0,15.94,36.1726,252.4,61.0,1921.0
ST24_21, May 06 2021,-9.7041,38.3627,62.0,15.93,36.173,252.8,61.0,1921.0
ST24_22, May 06 2021,-9.7041,38.3627,62.0,15.93,36.1726,252.4,61.0,1921.0
ST24_23, May 06 2021,-9.7041,38.3627,21.0,16.91,35.8078,249.0,21.0,1921.0
ST24_24, May 06 2021,-9.7041,38.3627,21.0,16.91,35.8084,249.2,21.0,1921.0
TW1_Cont-24, May 06 2021,-9.7041,38.3627,5.0,,,,5.0,
ST25_1, May 06 2021,-10.2232,39.1247,847.0,12.21,36.2376,183.4,839.0,849.0
ST25_2, May 06 2021,-10.2232,39.1247,847.0,12.21,36.2382,183.3,839.0,849.0
ST25_3, May 06 2021,-10.2232,39.1247,809.0,12.24,36.2101,183.8,801.0,849.0
ST25_4, May 06 2021,-10.2232,39.1247,808.0,12.24,36.2107,183.8,800.0,849.0
ST25_5, May 06 2021,-10.2232,39.1247,706.0,12.19,36.0378,186.2,700.0,849.0
ST25_6, May 06 2021,-10.2232,39.1247,706.0,12.19,36.0342,185.9,700.0,849.0
ST25_7, May 06 2021,-10.2232,39.1247,604.0,12.08,35.8913,188.7,599.0,849.0
ST25_8, May 06 2021,-10.2232,39.1247,605.0,12.08,35.8912,188.8,599.0,849.0
ST25_9, May 06 2021,-10.2232,39.1247,453.0,12.08,35.76,195.0,449.0,849.0
ST25_10, May 06 2021,-10.2232,39.1247,453.0,12.08,35.7582,194.9,449.0,849.0
ST25_11, May 06 2021,-10.2232,39.1247,452.0,12.08,35.7592,195.2,448.0,849.0
ST25_12, May 06 2021,-10.2232,39.1247,303.0,12.72,35.6964,212.2,300.0,849.0
ST25_13, May 06 2021,-10.2232,39.1247,302.0,12.72,35.6967,212.5,300.0,849.0
ST25_14, May 06 2021,-10.2232,39.1247,303.0,12.74,35.6977,212.8,300.0,849.0
ST25_15, May 06 2021,-10.2232,39.1247,201.0,13.66,35.8135,215.2,200.0,849.0
ST25_16, May 06 2021,-10.2232,39.1247,200.0,13.66,35.8128,215.0,199.0,849.0
ST25_17, May 06 2021,-10.2232,39.1247,100.0,14.74,35.9465,232.5,100.0,849.0
ST25_18, May 06 2021,-10.2232,39.1247,100.0,14.73,35.9469,232.7,99.0,849.0
ST25_19, May 06 2021,-10.2232,39.1247,49.0,15.36,35.9851,242.7,49.0,849.0
ST25_20, May 06 2021,-10.2232,39.1247,50.0,15.37,35.9872,243.4,50.0,849.0
ST25_21, May 06 2021,-10.2232,39.1247,50.0,15.38,35.9877,243.3,50.0,849.0
ST25_22, May 06 2021,-10.2232,39.1247,49.0,15.38,35.9877,243.9,49.0,849.0
ST25_23, May 06 2021,-10.2232,39.1247,20.0,16.09,35.9717,250.4,20.0,849.0
ST25_24, May 06 2021,-10.2232,39.1247,21.0,16.11,35.9742,250.5,20.0,849.0
TW1_Cont-25, May 06 2021,-10.2232,39.1247,5.0,,,,5.0,
ST26_1, May 06 2021,-10.2688,39.1253,1071.0,11.55,36.3072,180.5,1060.0,1070.0
ST26_2, May 06 2021,-10.2688,39.1253,1072.0,11.55,36.3071,180.5,1061.0,1070.0
ST26_3, May 06 2021,-10.2688,39.1253,960.0,11.87,36.2693,181.4,951.0,1070.0
ST26_4, May 06 2021,-10.2688,39.1253,960.0,11.86,36.2701,181.6,951.0,1070.0
ST26_5, May 06 2021,-10.2688,39.1253,859.0,12.15,36.196,183.5,851.0,1070.0
ST26_6, May 06 2021,-10.2688,39.1253,859.0,12.15,36.1958,183.5,851.0,1070.0
ST26_7, May 06 2021,-10.2688,39.1253,758.0,12.66,36.2524,188.3,751.0,1070.0
ST26_8, May 06 2021,-10.2688,39.1253,758.0,12.66,36.2529,188.2,751.0,1070.0
ST26_9, May 06 2021,-10.2688,39.1253,606.0,12.26,36.0237,187.2,601.0,1070.0
ST26_10, May 06 2021,-10.2688,39.1253,606.0,12.26,36.0235,187.2,600.0,1070.0
ST26_11, May 06 2021,-10.2688,39.1253,530.0,12.18,35.9671,187.8,525.0,1070.0
ST26_12, May 06 2021,-10.2688,39.1253,530.0,12.17,35.9672,187.9,525.0,1070.0
ST26_13, May 06 2021,-10.2688,39.1253,353.0,12.31,35.7185,202.0,350.0,1070.0
ST26_14, May 06 2021,-10.2688,39.1253,353.0,12.31,35.7188,201.3,350.0,1070.0
ST26_15, May 06 2021,-10.2688,39.1253,203.0,13.6,35.8039,214.8,201.0,1070.0
ST26_16, May 06 2021,-10.2688,39.1253,202.0,13.6,35.8062,215.0,201.0,1070.0
ST26_17, May 06 2021,-10.2688,39.1253,101.0,14.81,35.9779,232.3,100.0,1070.0
ST26_18, May 06 2021,-10.2688,39.1253,101.0,14.81,35.9786,232.5,100.0,1070.0
ST26_19, May 06 2021,-10.2688,39.1253,51.0,15.74,36.0065,247.8,51.0,1070.0
ST26_20, May 06 2021,-10.2688,39.1253,51.0,15.74,36.007,247.8,51.0,1070.0
ST26_21, May 06 2021,-10.2688,39.1253,51.0,15.75,36.0065,247.9,51.0,1070.0
ST26_22, May 06 2021,-10.2688,39.1253,51.0,15.75,36.007,247.8,51.0,1070.0
ST26_23, May 06 2021,-10.2688,39.1253,21.0,16.31,35.98,252.1,21.0,1070.0
ST26_24, May 06 2021,-10.2688,39.1253,21.0,16.31,35.9802,251.5,21.0,1070.0
ST27_1, May 06 2021,-10.5054,39.1239,1777.0,6.5,35.4698,224.9,1756.0,1766.0
ST27_2, May 06 2021,-10.5054,39.1239,1777.0,6.49,35.4686,225.0,1756.0,1766.0
ST27_3, May 06 2021,-10.5054,39.1239,1517.0,9.23,35.9582,198.6,1500.0,1766.0
ST27_4, May 06 2021,-10.5054,39.1239,1517.0,9.24,35.9589,198.2,1500.0,1766.0
ST27_5, May 06 2021,-10.5054,39.1239,1264.0,11.38,36.3284,181.1,1250.0,1766.0
ST27_6, May 06 2021,-10.5054,39.1239,1263.0,11.38,36.3282,181.2,1250.0,1766.0
ST27_7, May 06 2021,-10.5054,39.1239,909.0,12.1,36.2267,183.9,900.0,1766.0
ST27_8, May 06 2021,-10.5054,39.1239,909.0,12.12,36.2275,183.6,900.0,1766.0
ST27_9, May 06 2021,-10.5054,39.1239,707.0,12.53,36.2271,187.9,700.0,1766.0
ST27_10, May 06 2021,-10.5054,39.1239,707.0,12.51,36.2198,187.7,701.0,1766.0
ST27_11, May 06 2021,-10.5054,39.1239,554.0,11.8,35.869,185.3,549.0,1766.0
ST27_12, May 06 2021,-10.5054,39.1239,554.0,11.8,35.8702,185.0,549.0,1766.0
ST27_13, May 06 2021,-10.5054,39.1239,404.0,12.09,35.6785,199.8,400.0,1766.0
ST27_14, May 06 2021,-10.5054,39.1239,404.0,12.1,35.6774,200.2,401.0,1766.0
ST27_15, May 06 2021,-10.5054,39.1239,302.0,12.75,35.715,206.2,300.0,1766.0
ST27_16, May 06 2021,-10.5054,39.1239,303.0,12.76,35.7159,206.5,301.0,1766.0
ST27_17, May 06 2021,-10.5054,39.1239,101.0,14.58,35.9471,239.2,100.0,1766.0
ST27_18, May 06 2021,-10.5054,39.1239,101.0,14.66,35.9581,239.8,100.0,1766.0
ST27_19, May 06 2021,-10.5054,39.1239,101.0,14.65,35.9592,240.2,101.0,1766.0
ST27_20, May 06 2021,-10.5054,39.1239,58.0,15.67,36.117,253.1,57.0,1766.0
ST27_21, May 06 2021,-10.5054,39.1239,58.0,15.69,36.1139,253.0,57.0,1766.0
ST27_22, May 06 2021,-10.5054,39.1239,58.0,15.73,36.1178,254.1,57.0,1766.0
ST27_23, May 06 2021,-10.5054,39.1239,21.0,16.68,36.0004,250.7,21.0,1766.0
ST27_24, May 06 2021,-10.5054,39.1239,21.0,16.69,35.9988,249.9,21.0,1766.0
ST28_1, May 06 2021,-10.7139,39.0831,2002.0,5.04,35.2311,238.8,1978.0,1988.0
ST28_2, May 06 2021,-10.7139,39.0831,2002.0,5.04,35.2311,238.8,1978.0,1988.0
ST28_3, May 06 2021,-10.7139,39.0831,1822.0,5.55,35.3098,234.8,1800.0,1988.0
ST28_4, May 06 2021,-10.7139,39.0831,1822.0,5.57,35.3121,234.6,1800.0,1988.0
ST28_5, May 06 2021,-10.7139,39.0831,1518.0,8.49,35.8178,205.0,1501.0,1988.0
ST28_6, May 06 2021,-10.7139,39.0831,1518.0,8.64,35.8407,204.4,1501.0,1988.0
ST28_7, May 06 2021,-10.7139,39.0831,1314.0,11.01,36.3006,183.5,1300.0,1988.0
ST28_8, May 06 2021,-10.7139,39.0831,1314.0,11.01,36.3027,183.6,1300.0,1988.0
ST28_9, May 06 2021,-10.7139,39.0831,1162.0,11.6,36.3234,181.2,1150.0,1988.0
ST28_10, May 06 2021,-10.7139,39.0831,1162.0,11.6,36.3228,181.0,1150.0,1988.0
ST28_11, May 06 2021,-10.7139,39.0831,1010.0,11.88,36.2868,181.8,1000.0,1988.0
ST28_12, May 06 2021,-10.7139,39.0831,1010.0,11.89,36.2839,181.8,1000.0,1988.0
ST28_13, May 06 2021,-10.7139,39.0831,808.0,12.21,36.2427,184.8,801.0,1988.0
ST28_14, May 06 2021,-10.7139,39.0831,808.0,12.21,36.2428,184.9,800.0,1988.0
ST28_15, May 06 2021,-10.7139,39.0831,505.0,11.96,35.7981,190.9,501.0,1988.0
ST28_16, May 06 2021,-10.7139,39.0831,353.0,12.27,35.6842,200.0,350.0,1988.0
ST28_17, May 06 2021,-10.7139,39.0831,102.0,15.37,36.1026,234.8,101.0,1988.0
ST28_18, May 06 2021,-10.7139,39.0831,102.0,15.37,36.1037,234.9,101.0,1988.0
ST28_19, May 06 2021,-10.7139,39.0831,102.0,15.37,36.1037,234.9,102.0,1988.0
ST28_20, May 06 2021,-10.7139,39.0831,55.0,16.34,36.1725,251.2,55.0,1988.0
ST28_21, May 06 2021,-10.7139,39.0831,56.0,16.29,36.175,251.4,55.0,1988.0
ST28_22, May 06 2021,-10.7139,39.0831,56.0,16.28,36.1749,251.0,55.0,1988.0
ST28_23, May 06 2021,-10.7139,39.0831,21.0,16.81,36.0869,248.4,21.0,1988.0
ST28_24, May 06 2021,-10.7139,39.0831,21.0,16.83,36.0815,248.1,21.0,1988.0
TW1_Cont-28, May 06 2021,-10.7139,39.0831,5.0,,,,5.0,
ST29_1, May 07 2021,-10.0174,40.0449,2011.0,5.06,35.2258,240.8,1986.0,1996.0
ST29_2, May 07 2021,-10.0174,40.0449,2010.0,5.06,35.2251,240.9,1985.0,1996.0
ST29_3, May 07 2021,-10.0174,40.0449,1822.0,5.27,35.2522,239.7,1800.0,1996.0
ST29_4, May 07 2021,-10.0174,40.0449,1822.0,5.29,35.2625,239.6,1801.0,1996.0
ST29_5, May 07 2021,-10.0174,40.0449,1516.0,8.11,35.7222,211.0,1499.0,1996.0
ST29_6, May 07 2021,-10.0174,40.0449,1517.0,8.1,35.7255,211.0,1500.0,1996.0
ST29_7, May 07 2021,-10.0174,40.0449,1264.0,11.23,36.3204,182.8,1250.0,1996.0
ST29_8, May 07 2021,-10.0174,40.0449,1265.0,11.24,36.32,182.5,1251.0,1996.0
ST29_9, May 07 2021,-10.0174,40.0449,1009.0,11.66,36.2489,180.6,999.0,1996.0
ST29_10, May 07 2021,-10.0174,40.0449,1009.0,11.67,36.2482,180.6,999.0,1996.0
ST29_11, May 07 2021,-10.0174,40.0449,758.0,12.09,36.1211,183.7,751.0,1996.0
ST29_12, May 07 2021,-10.0174,40.0449,758.0,12.09,36.1206,183.7,750.0,1996.0
ST29_13, May 07 2021,-10.0174,40.0449,597.0,11.79,35.8844,187.9,591.0,1996.0
ST29_14, May 07 2021,-10.0174,40.0449,597.0,11.79,35.884,187.9,592.0,1996.0
ST29_15, May 07 2021,-10.0174,40.0449,453.0,11.51,35.6042,202.8,449.0,1996.0
ST29_16, May 07 2021,-10.0174,40.0449,253.0,12.55,35.6608,216.7,251.0,1996.0
ST29_17, May 07 2021,-10.0174,40.0449,101.0,14.18,35.8332,233.4,100.0,1996.0
ST29_18, May 07 2021,-10.0174,40.0449,100.0,14.19,35.8349,233.5,100.0,1996.0
ST29_19, May 07 2021,-10.0174,40.0449,100.0,14.19,35.8343,234.0,99.0,1996.0
ST29_20, May 07 2021,-10.0174,40.0449,50.0,14.56,35.7932,244.6,50.0,1996.0
ST29_21, May 07 2021,-10.0174,40.0449,50.0,14.57,35.8011,242.7,49.0,1996.0
ST29_22, May 07 2021,-10.0174,40.0449,51.0,14.63,35.789,244.2,50.0,1996.0
ST29_23, May 07 2021,-10.0174,40.0449,21.0,16.16,35.6943,255.3,21.0,1996.0
ST29_24, May 07 2021,-10.0174,40.0449,21.0,16.15,35.6923,254.8,21.0,1996.0
TW1_Cont-29, May 07 2021,-10.0174,40.0449,5.0,,,,5.0,
ST30_1, May 07 2021,-9.9103,40.061,1391.0,9.06,35.8962,200.4,1376.0,1386.0
ST30_2, May 07 2021,-9.9103,40.061,1390.0,9.09,35.9007,200.4,1375.0,1386.0
ST30_3, May 07 2021,-9.9103,40.061,1264.0,10.57,36.1379,186.5,1250.0,1386.0
ST30_4, May 07 2021,-9.9103,40.061,1264.0,10.57,36.1365,186.1,1250.0,1386.0
ST30_5, May 07 2021,-9.9103,40.061,1112.0,11.48,36.2177,180.1,1100.0,1386.0
ST30_6, May 07 2021,-9.9103,40.061,1112.0,11.48,36.2167,180.1,1101.0,1386.0
ST30_7, May 07 2021,-9.9103,40.061,911.0,11.82,36.1903,180.9,902.0,1386.0
ST30_8, May 07 2021,-9.9103,40.061,911.0,11.82,36.1899,180.9,902.0,1386.0
ST30_9, May 07 2021,-9.9103,40.061,707.0,12.04,36.0593,184.3,700.0,1386.0
ST30_10, May 07 2021,-9.9103,40.061,706.0,12.04,36.0591,184.1,700.0,1386.0
ST30_11, May 07 2021,-9.9103,40.061,506.0,11.55,35.7117,192.9,501.0,1386.0
ST30_12, May 07 2021,-9.9103,40.061,505.0,11.56,35.7117,193.7,501.0,1386.0
ST30_13, May 07 2021,-9.9103,40.061,403.0,11.55,35.5947,204.9,400.0,1386.0
ST30_14, May 07 2021,-9.9103,40.061,403.0,11.55,35.5955,204.9,400.0,1386.0
ST30_15, May 07 2021,-9.9103,40.061,252.0,12.39,35.651,214.1,250.0,1386.0
ST30_16, May 07 2021,-9.9103,40.061,252.0,12.44,35.6553,214.3,250.0,1386.0
ST30_17, May 07 2021,-9.9103,40.061,101.0,13.94,35.8058,227.6,101.0,1386.0
ST30_18, May 07 2021,-9.9103,40.061,101.0,13.94,35.8062,227.4,100.0,1386.0
ST30_19, May 07 2021,-9.9103,40.061,101.0,13.95,35.8069,227.9,101.0,1386.0
ST30_20, May 07 2021,-9.9103,40.061,30.0,14.63,35.8217,243.2,30.0,1386.0
ST30_21, May 07 2021,-9.9103,40.061,30.0,14.65,35.8182,243.3,30.0,1386.0
ST30_22, May 07 2021,-9.9103,40.061,31.0,14.65,35.8182,243.3,30.0,1386.0
ST30_23, May 07 2021,-9.9103,40.061,21.0,15.56,35.7092,260.8,21.0,1386.0
ST30_24, May 07 2021,-9.9103,40.061,21.0,15.72,35.7035,259.0,21.0,1386.0
TW1_Cont-30, May 07 2021,-9.9103,40.061,5.0,,,,5.0,
ST31_1, May 07 2021,-9.792,40.0678,1003.0,11.61,36.2047,180.1,993.0,1003.0
ST31_2, May 07 2021,-9.792,40.0678,1003.0,11.61,36.2048,180.0,993.0,1003.0
ST31_3, May 07 2021,-9.792,40.0678,910.0,11.74,36.1958,180.5,901.0,1003.0
ST31_4, May 07 2021,-9.792,40.0678,910.0,11.74,36.1955,180.5,901.0,1003.0
ST31_5, May 07 2021,-9.792,40.0678,806.0,12.06,36.1584,182.1,798.0,1003.0
ST31_6, May 07 2021,-9.792,40.0678,805.0,12.06,36.1605,182.3,798.0,1003.0
ST31_7, May 07 2021,-9.792,40.0678,707.0,12.09,36.0946,183.7,700.0,1003.0
ST31_8, May 07 2021,-9.792,40.0678,707.0,12.09,36.0936,183.5,701.0,1003.0
ST31_9, May 07 2021,-9.792,40.0678,504.0,11.68,35.7552,193.2,499.0,1003.0
ST31_10, May 07 2021,-9.792,40.0678,504.0,11.69,35.7574,193.0,499.0,1003.0
ST31_11, May 07 2021,-9.792,40.0678,503.0,11.68,35.7541,193.1,498.0,1003.0
ST31_12, May 07 2021,-9.792,40.0678,502.0,11.68,35.7538,193.2,498.0,1003.0
ST31_13, May 07 2021,-9.792,40.0678,302.0,12.04,35.6166,213.3,300.0,1003.0
ST31_14, May 07 2021,-9.792,40.0678,302.0,12.07,35.6172,213.4,299.0,1003.0
ST31_15, May 07 2021,-9.792,40.0678,302.0,12.05,35.6176,213.1,300.0,1003.0
ST31_16, May 07 2021,-9.792,40.0678,303.0,12.13,35.6229,213.6,300.0,1003.0
ST31_17, May 07 2021,-9.792,40.0678,102.0,14.01,35.8165,231.3,101.0,1003.0
ST31_18, May 07 2021,-9.792,40.0678,102.0,14.01,35.8167,231.5,101.0,1003.0
ST31_19, May 07 2021,-9.792,40.0678,36.0,14.53,35.8096,243.9,36.0,1003.0
ST31_20, May 07 2021,-9.792,40.0678,36.0,14.53,35.8101,244.0,36.0,1003.0
ST31_21, May 07 2021,-9.792,40.0678,36.0,14.53,35.8102,244.0,36.0,1003.0
ST31_22, May 07 2021,-9.792,40.0678,37.0,14.56,35.805,243.9,36.0,1003.0
ST31_23, May 07 2021,-9.792,40.0678,20.0,15.13,35.753,258.0,20.0,1003.0
ST31_24, May 07 2021,-9.792,40.0678,20.0,15.12,35.7551,258.1,20.0,1003.0
ST32_1, May 07 2021,-9.7299,40.0764,756.0,12.04,36.13,182.4,749.0,759.0
ST32_2, May 07 2021,-9.7299,40.0764,755.0,12.04,36.1212,182.4,748.0,759.0
ST32_3, May 07 2021,-9.7299,40.0764,708.0,12.05,36.0993,183.1,701.0,759.0
ST32_4, May 07 2021,-9.7299,40.0764,707.0,12.05,36.0992,182.9,700.0,759.0
ST32_5, May 07 2021,-9.7299,40.0764,656.0,12.02,36.0645,183.4,650.0,759.0
ST32_6, May 07 2021,-9.7299,40.0764,655.0,12.02,36.0614,183.4,649.0,759.0
ST32_7, May 07 2021,-9.7299,40.0764,606.0,12.0,36.0368,183.9,600.0,759.0
ST32_8, May 07 2021,-9.7299,40.0764,605.0,12.0,36.0371,183.8,600.0,759.0
ST32_9, May 07 2021,-9.7299,40.0764,403.0,11.73,35.6622,202.0,400.0,759.0
ST32_10, May 07 2021,-9.7299,40.0764,403.0,11.72,35.6628,201.7,400.0,759.0
ST32_11, May 07 2021,-9.7299,40.0764,403.0,11.72,35.6629,201.5,400.0,759.0
ST32_12, May 07 2021,-9.7299,40.0764,403.0,11.73,35.6621,201.4,399.0,759.0
ST32_13, May 07 2021,-9.7299,40.0764,402.0,11.73,35.6617,201.4,399.0,759.0
ST32_14, May 07 2021,-9.7299,40.0764,403.0,11.73,35.6613,201.7,399.0,759.0
ST32_15, May 07 2021,-9.7299,40.0764,233.0,12.88,35.71,213.0,231.0,759.0
ST32_16, May 07 2021,-9.7299,40.0764,233.0,12.92,35.7112,213.3,231.0,759.0
ST32_17, May 07 2021,-9.7299,40.0764,233.0,12.92,35.7116,213.3,231.0,759.0
ST32_18, May 07 2021,-9.7299,40.0764,233.0,12.92,35.7128,213.7,231.0,759.0
ST32_19, May 07 2021,-9.7299,40.0764,82.0,14.13,35.8295,232.7,82.0,759.0
ST32_20, May 07 2021,-9.7299,40.0764,83.0,14.13,35.8297,233.1,82.0,759.0
ST32_21, May 07 2021,-9.7299,40.0764,20.0,15.61,35.7056,260.0,19.0,759.0
ST32_22, May 07 2021,-9.7299,40.0764,20.0,15.91,35.6769,258.7,20.0,759.0
ST32_23, May 07 2021,-9.7299,40.0764,20.0,15.87,35.6843,256.0,20.0,759.0
ST32_24, May 07 2021,-9.7299,40.0764,20.0,15.88,35.684,256.2,20.0,759.0
TW1_Cont-32, May 07 2021,-9.7299,40.0764,5.0,,,,5.0,
ST33_1, May 08 2021,-9.5385,40.9792,1888.0,4.66,35.1453,247.5,1865.0,1875.0
ST33_2, May 08 2021,-9.5385,40.9792,1887.0,4.67,35.1459,247.5,1864.0,1875.0
ST33_3, May 08 2021,-9.5385,40.9792,1773.0,5.0,35.191,244.8,1752.0,1875.0
ST33_4, May 08 2021,-9.5385,40.9792,1774.0,5.0,35.1912,244.8,1753.0,1875.0
ST33_5, May 08 2021,-9.5385,40.9792,1516.0,7.99,35.6809,210.7,1499.0,1875.0
ST33_6, May 08 2021,-9.5385,40.9792,1518.0,8.04,35.6857,212.5,1500.0,1875.0
ST33_7, May 08 2021,-9.5385,40.9792,1215.0,10.93,36.1854,182.5,1202.0,1875.0
ST33_8, May 08 2021,-9.5385,40.9792,1215.0,10.93,36.1852,182.4,1202.0,1875.0
ST33_9, May 08 2021,-9.5385,40.9792,1112.0,11.12,36.1816,180.9,1101.0,1875.0
ST33_10, May 08 2021,-9.5385,40.9792,1114.0,11.13,36.1813,180.8,1102.0,1875.0
ST33_11, May 08 2021,-9.5385,40.9792,809.0,11.71,36.0938,181.2,801.0,1875.0
ST33_12, May 08 2021,-9.5385,40.9792,811.0,11.7,36.0929,181.1,803.0,1875.0
ST33_13, May 08 2021,-9.5385,40.9792,645.0,11.48,35.8537,184.6,639.0,1875.0
ST33_14, May 08 2021,-9.5385,40.9792,644.0,11.5,35.8577,184.8,638.0,1875.0
ST33_15, May 08 2021,-9.5385,40.9792,505.0,11.47,35.6906,193.8,501.0,1875.0
ST33_16, May 08 2021,-9.5385,40.9792,352.0,11.6,35.5641,215.2,349.0,1875.0
ST33_17, May 08 2021,-9.5385,40.9792,353.0,11.63,35.5648,214.9,350.0,1875.0
ST33_18, May 08 2021,-9.5385,40.9792,102.0,13.65,35.7301,241.2,101.0,1875.0
ST33_19, May 08 2021,-9.5385,40.9792,102.0,13.68,35.7287,241.3,101.0,1875.0
ST33_20, May 08 2021,-9.5385,40.9792,61.0,14.68,35.6514,264.8,60.0,1875.0
ST33_21, May 08 2021,-9.5385,40.9792,61.0,14.77,35.6516,266.8,61.0,1875.0
ST33_22, May 08 2021,-9.5385,40.9792,61.0,14.78,35.6536,267.0,60.0,1875.0
ST33_23, May 08 2021,-9.5385,40.9792,21.0,15.82,35.2399,261.8,20.0,1875.0
ST33_24, May 08 2021,-9.5385,40.9792,21.0,15.82,35.241,261.2,20.0,1875.0
TW1_Cont-33, May 08 2021,-9.5385,40.9792,5.0,,,,5.0,
ST34_1, May 08 2021,-9.65,42.1529,1997.0,3.88,35.0272,257.1,1972.0,1982.0
ST34_2, May 08 2021,-9.65,42.1529,1998.0,3.88,35.0272,257.4,1973.0,1982.0
ST34_3, May 08 2021,-9.65,42.1529,1823.0,4.55,35.0983,253.8,1801.0,1982.0
ST34_4, May 08 2021,-9.65,42.1529,1824.0,4.56,35.1006,253.9,1802.0,1982.0
ST34_5, May 08 2021,-9.65,42.1529,1517.0,6.36,35.3694,233.4,1499.0,1982.0
ST34_6, May 08 2021,-9.65,42.1529,1519.0,6.37,35.3708,233.5,1501.0,1982.0
ST34_7, May 08 2021,-9.65,42.1529,1215.0,10.52,36.1181,187.6,1201.0,1982.0
ST34_8, May 08 2021,-9.65,42.1529,1214.0,10.54,36.122,187.3,1201.0,1982.0
ST34_9, May 08 2021,-9.65,42.1529,1009.0,11.04,36.0988,181.7,999.0,1982.0
ST34_10, May 08 2021,-9.65,42.1529,1009.0,11.04,36.0989,181.6,999.0,1982.0
ST34_11, May 08 2021,-9.65,42.1529,858.0,11.31,36.0595,181.2,849.0,1982.0
ST34_12, May 08 2021,-9.65,42.1529,857.0,11.31,36.0588,181.2,849.0,1982.0
ST34_13, May 08 2021,-9.65,42.1529,504.0,11.34,35.636,198.5,500.0,1982.0
ST34_14, May 08 2021,-9.65,42.1529,505.0,11.34,35.6345,198.5,501.0,1982.0
ST34_15, May 08 2021,-9.65,42.1529,353.0,11.65,35.5633,217.1,349.0,1982.0
ST34_16, May 08 2021,-9.65,42.1529,254.0,12.14,35.602,222.4,251.0,1982.0
ST34_17, May 08 2021,-9.65,42.1529,254.0,12.18,35.604,222.6,252.0,1982.0
ST34_18, May 08 2021,-9.65,42.1529,98.0,13.75,35.7866,250.1,97.0,1982.0
ST34_19, May 08 2021,-9.65,42.1529,98.0,13.75,35.7873,250.1,97.0,1982.0
ST34_20, May 08 2021,-9.65,42.1529,55.0,13.88,35.7701,252.5,55.0,1982.0
ST34_21, May 08 2021,-9.65,42.1529,57.0,13.92,35.7631,253.1,56.0,1982.0
ST34_22, May 08 2021,-9.65,42.1529,56.0,13.91,35.7664,254.4,56.0,1982.0
ST34_23, May 08 2021,-9.65,42.1529,22.0,15.19,35.6845,261.7,22.0,1982.0
ST34_24, May 08 2021,-9.65,42.1529,22.0,15.23,35.6799,261.5,22.0,1982.0
TW1_Cont-34, May 08 2021,-9.65,42.1529,5.0,,,,5.0,
ST35_1, May 08 2021,-9.508,42.1546,1589.0,6.88,35.479,226.1,1570.0,1580.0
ST35_2, May 08 2021,-9.508,42.1546,1587.0,6.88,35.4792,226.3,1569.0,1580.0
ST35_3, May 08 2021,-9.508,42.1546,1418.0,7.77,35.6406,215.9,1402.0,1580.0
ST35_4, May 08 2021,-9.508,42.1546,1418.0,7.76,35.6384,215.7,1402.0,1580.0
ST35_5, May 08 2021,-9.508,42.1546,1215.0,10.58,36.1122,186.4,1202.0,1580.0
ST35_6, May 08 2021,-9.508,42.1546,1215.0,10.58,36.1127,186.3,1202.0,1580.0
ST35_7, May 08 2021,-9.508,42.1546,1156.0,10.82,36.1412,184.3,1144.0,1580.0
ST35_8, May 08 2021,-9.508,42.1546,1157.0,10.82,36.1416,184.2,1145.0,1580.0
ST35_9, May 08 2021,-9.508,42.1546,1013.0,11.42,36.1544,180.6,1002.0,1580.0
ST35_10, May 08 2021,-9.508,42.1546,1012.0,11.42,36.1546,180.5,1002.0,1580.0
ST35_11, May 08 2021,-9.508,42.1546,807.0,11.82,36.1077,182.1,799.0,1580.0
ST35_12, May 08 2021,-9.508,42.1546,806.0,11.83,36.105,182.2,799.0,1580.0
ST35_13, May 08 2021,-9.508,42.1546,656.0,11.73,35.9352,185.3,650.0,1580.0
ST35_14, May 08 2021,-9.508,42.1546,656.0,11.73,35.933,185.2,650.0,1580.0
ST35_15, May 08 2021,-9.508,42.1546,355.0,11.71,35.5735,215.9,352.0,1580.0
ST35_16, May 08 2021,-9.508,42.1546,356.0,11.71,35.5741,215.8,353.0,1580.0
ST35_17, May 08 2021,-9.508,42.1546,357.0,11.71,35.5742,215.6,353.0,1580.0
ST35_18, May 08 2021,-9.508,42.1546,103.0,13.67,35.7704,248.1,102.0,1580.0
ST35_19, May 08 2021,-9.508,42.1546,104.0,13.67,35.7707,248.3,103.0,1580.0
ST35_20, May 08 2021,-9.508,42.1546,54.0,14.12,35.7239,260.3,53.0,1580.0
ST35_21, May 08 2021,-9.508,42.1546,53.0,14.13,35.7229,260.3,52.0,1580.0
ST35_22, May 08 2021,-9.508,42.1546,53.0,14.16,35.7205,261.1,52.0,1580.0
ST35_23, May 08 2021,-9.508,42.1546,24.0,15.86,35.499,257.9,24.0,1580.0
ST35_24, May 08 2021,-9.508,42.1546,26.0,15.76,35.541,258.9,25.0,1580.0
ST36_1, May 10 2021,-9.4666,42.1557,981.0,11.25,36.1442,180.8,971.0,981.0
ST36_2, May 10 2021,-9.4666,42.1557,982.0,11.24,36.1446,180.7,972.0,981.0
ST36_3, May 10 2021,-9.4666,42.1557,909.0,11.57,36.1276,180.2,900.0,981.0
ST36_4, May 10 2021,-9.4666,42.1557,908.0,11.57,36.1273,180.4,899.0,981.0
ST36_5, May 10 2021,-9.4666,42.1557,758.0,11.82,36.0702,182.0,751.0,981.0
ST36_6, May 10 2021,-9.4666,42.1557,759.0,11.82,36.0702,182.0,751.0,981.0
ST36_7, May 10 2021,-9.4666,42.1557,657.0,11.68,35.9412,184.8,650.0,981.0
ST36_8, May 10 2021,-9.4666,42.1557,656.0,11.69,35.9449,184.6,650.0,981.0
ST36_9, May 10 2021,-9.4666,42.1557,503.0,11.36,35.6168,200.5,499.0,981.0
ST36_10, May 10 2021,-9.4666,42.1557,502.0,11.36,35.6171,200.2,498.0,981.0
ST36_11, May 10 2021,-9.4666,42.1557,503.0,11.37,35.6167,200.6,498.0,981.0
ST36_12, May 10 2021,-9.4666,42.1557,502.0,11.37,35.6167,200.3,497.0,981.0
ST36_13, May 10 2021,-9.4666,42.1557,352.0,11.68,35.5771,213.1,349.0,981.0
ST36_14, May 10 2021,-9.4666,42.1557,353.0,11.7,35.5764,214.2,350.0,981.0
ST36_15, May 10 2021,-9.4666,42.1557,353.0,11.7,35.5762,214.3,350.0,981.0
ST36_16, May 10 2021,-9.4666,42.1557,353.0,11.7,35.5764,214.2,350.0,981.0
ST36_17, May 10 2021,-9.4666,42.1557,102.0,13.7,35.7777,248.4,102.0,981.0
ST36_18, May 10 2021,-9.4666,42.1557,102.0,13.71,35.7793,248.3,101.0,981.0
ST36_19, May 10 2021,-9.4666,42.1557,56.0,14.27,35.714,258.9,55.0,981.0
ST36_20, May 10 2021,-9.4666,42.1557,56.0,14.25,35.7183,259.7,56.0,981.0
ST36_21, May 10 2021,-9.4666,42.1557,56.0,14.25,35.718,259.7,56.0,981.0
ST36_22, May 10 2021,-9.4666,42.1557,55.0,14.27,35.7162,259.8,54.0,981.0
ST36_23, May 10 2021,-9.4666,42.1557,22.0,15.75,35.6717,254.3,22.0,981.0
ST36_24, May 10 2021,-9.4666,42.1557,23.0,15.76,35.6568,254.5,23.0,981.0
TW1_Cont-36, May 10 2021,-9.4666,42.1557,5.0,,,,5.0,
ST37_1, May 10 2021,-9.4326,42.1568,459.0,11.44,35.637,202.0,455.0,465.0
ST37_2, May 10 2021,-9.4326,42.1568,460.0,11.43,35.6405,201.3,456.0,465.0
ST37_3, May 10 2021,-9.4326,42.1568,406.0,11.66,35.6047,209.0,402.0,465.0
ST37_4, May 10 2021,-9.4326,42.1568,404.0,11.66,35.605,209.0,401.0,465.0
ST37_5, May 10 2021,-9.4326,42.1568,305.0,12.02,35.5992,217.1,302.0,465.0
ST37_6, May 10 2021,-9.4326,42.1568,304.0,12.02,35.5988,217.2,302.0,465.0
ST37_7, May 10 2021,-9.4326,42.1568,177.0,12.78,35.6787,218.6,176.0,465.0
ST37_8, May 10 2021,-9.4326,42.1568,176.0,12.79,35.6788,218.5,174.0,465.0
ST37_9, May 10 2021,-9.4326,42.1568,103.0,13.65,35.7626,245.6,102.0,465.0
ST37_10, May 10 2021,-9.4326,42.1568,102.0,13.65,35.7639,246.2,101.0,465.0
ST37_11, May 10 2021,-9.4326,42.1568,102.0,13.65,35.7646,245.9,102.0,465.0
ST37_12, May 10 2021,-9.4326,42.1568,104.0,13.64,35.7638,245.9,103.0,465.0
ST37_13, May 10 2021,-9.4326,42.1568,103.0,13.65,35.7643,246.2,102.0,465.0
ST37_14, May 10 2021,-9.4326,42.1568,103.0,13.65,35.764,246.2,102.0,465.0
ST37_15, May 10 2021,-9.4326,42.1568,103.0,13.64,35.7637,246.3,103.0,465.0
ST37_16, May 10 2021,-9.4326,42.1568,104.0,13.63,35.7624,246.2,104.0,465.0
ST37_17, May 10 2021,-9.4326,42.1568,105.0,13.63,35.7621,245.5,104.0,465.0
ST37_18, May 10 2021,-9.4326,42.1568,102.0,13.65,35.7644,245.8,101.0,465.0
ST37_19, May 10 2021,-9.4326,42.1568,37.0,15.5,35.6315,256.7,37.0,465.0
ST37_20, May 10 2021,-9.4326,42.1568,35.0,15.49,35.6332,257.3,35.0,465.0
ST37_21, May 10 2021,-9.4326,42.1568,37.0,15.52,35.6319,257.2,37.0,465.0
ST37_22, May 10 2021,-9.4326,42.1568,21.0,15.75,35.6351,254.0,21.0,465.0
ST37_23, May 10 2021,-9.4326,42.1568,21.0,15.76,35.6341,254.1,20.0,465.0
ST37_24, May 10 2021,-9.4326,42.1568,21.0,15.76,35.6332,254.0,21.0,465.0
ST38_1, May 10 2021,-9.2886,43.4858,477.0,11.36,35.7134,201.5,473.0,483.0
ST38_2, May 10 2021,-9.2886,43.4858,478.0,11.36,35.713,201.3,473.0,483.0
ST38_3, May 10 2021,-9.2886,43.4858,405.0,11.52,35.5983,213.6,401.0,483.0
ST38_4, May 10 2021,-9.2886,43.4858,403.0,11.53,35.5937,213.7,399.0,483.0
ST38_5, May 10 2021,-9.2886,43.4858,304.0,11.98,35.5806,229.5,301.0,483.0
ST38_6, May 10 2021,-9.2886,43.4858,305.0,11.98,35.5808,229.4,303.0,483.0
ST38_7, May 10 2021,-9.2886,43.4858,203.0,12.31,35.5973,240.7,201.0,483.0
ST38_8, May 10 2021,-9.2886,43.4858,203.0,12.31,35.5976,240.1,202.0,483.0
ST38_9, May 10 2021,-9.2886,43.4858,102.0,12.9,35.5846,257.5,101.0,483.0
ST38_10, May 10 2021,-9.2886,43.4858,102.0,12.93,35.585,257.7,101.0,483.0
ST38_11, May 10 2021,-9.2886,43.4858,102.0,12.94,35.5862,257.6,101.0,483.0
ST38_12, May 10 2021,-9.2886,43.4858,102.0,12.93,35.5867,257.4,102.0,483.0
ST38_13, May 10 2021,-9.2886,43.4858,103.0,12.91,35.5868,257.6,102.0,483.0
ST38_14, May 10 2021,-9.2886,43.4858,103.0,12.92,35.5868,257.7,102.0,483.0
ST38_15, May 10 2021,-9.2886,43.4858,102.0,12.93,35.5872,257.6,101.0,483.0
ST38_16, May 10 2021,-9.2886,43.4858,102.0,12.93,35.5871,257.5,101.0,483.0
ST38_17, May 10 2021,-9.2886,43.4858,103.0,12.93,35.5872,257.5,102.0,483.0
ST38_18, May 10 2021,-9.2886,43.4858,34.0,14.19,35.598,261.1,33.0,483.0
ST38_19, May 10 2021,-9.2886,43.4858,33.0,14.19,35.5981,261.0,33.0,483.0
ST38_20, May 10 2021,-9.2886,43.4858,33.0,14.18,35.5985,261.2,33.0,483.0
ST38_21, May 10 2021,-9.2886,43.4858,33.0,14.19,35.5984,261.1,33.0,483.0
ST38_22, May 10 2021,-9.2886,43.4858,21.0,14.5,35.5744,263.0,21.0,483.0
ST38_23, May 10 2021,-9.2886,43.4858,21.0,14.52,35.5731,263.5,21.0,483.0
ST38_24, May 10 2021,-9.2886,43.4858,22.0,14.51,35.5749,263.7,21.0,483.0
TW1_Cont-38, May 10 2021,-9.2886,43.4858,5.0,,,,5.0,
ST39_1, May 10 2021,-9.405,43.5583,994.0,11.4,36.1032,180.3,984.0,994.0
ST39_2, May 10 2021,-9.405,43.5583,995.0,11.4,36.1032,180.1,985.0,994.0
ST39_3, May 10 2021,-9.405,43.5583,914.0,11.5,36.0911,180.4,904.0,994.0
ST39_4, May 10 2021,-9.405,43.5583,913.0,11.49,36.091,180.3,904.0,994.0
ST39_5, May 10 2021,-9.405,43.5583,807.0,11.61,36.0476,181.3,799.0,994.0
ST39_6, May 10 2021,-9.405,43.5583,808.0,11.61,36.0476,181.2,800.0,994.0
ST39_7, May 10 2021,-9.405,43.5583,555.0,10.83,35.5823,201.0,550.0,994.0
ST39_8, May 10 2021,-9.405,43.5583,555.0,10.83,35.5823,201.1,550.0,994.0
ST39_9, May 10 2021,-9.405,43.5583,455.0,11.06,35.5042,222.6,451.0,994.0
ST39_10, May 10 2021,-9.405,43.5583,454.0,11.07,35.5043,222.6,450.0,994.0
ST39_11, May 10 2021,-9.405,43.5583,454.0,11.08,35.5046,222.7,450.0,994.0
ST39_12, May 10 2021,-9.405,43.5583,453.0,11.07,35.5046,222.7,448.0,994.0
ST39_13, May 10 2021,-9.405,43.5583,205.0,12.01,35.581,252.4,203.0,994.0
ST39_14, May 10 2021,-9.405,43.5583,204.0,12.01,35.581,252.4,202.0,994.0
ST39_15, May 10 2021,-9.405,43.5583,203.0,12.01,35.5811,252.5,201.0,994.0
ST39_16, May 10 2021,-9.405,43.5583,204.0,12.01,35.5812,252.6,203.0,994.0
ST39_17, May 10 2021,-9.405,43.5583,100.0,12.62,35.5964,253.8,99.0,994.0
ST39_18, May 10 2021,-9.405,43.5583,99.0,12.62,35.5965,253.7,98.0,994.0
ST39_19, May 10 2021,-9.405,43.5583,35.0,13.62,35.5612,267.7,35.0,994.0
ST39_20, May 10 2021,-9.405,43.5583,35.0,13.62,35.5627,267.3,34.0,994.0
ST39_21, May 10 2021,-9.405,43.5583,35.0,13.62,35.5634,267.5,35.0,994.0
ST39_22, May 10 2021,-9.405,43.5583,21.0,13.92,35.5563,267.9,21.0,994.0
ST39_23, May 10 2021,-9.405,43.5583,21.0,13.9,35.558,267.7,21.0,994.0
ST39_24, May 10 2021,-9.405,43.5583,21.0,13.92,35.5561,267.7,21.0,994.0
ST40_1, May 11 2021,-9.4698,43.6521,1483.0,6.95,35.4595,224.3,1466.0,1476.0
ST40_2, May 11 2021,-9.4698,43.6521,1483.0,6.94,35.4592,224.4,1466.0,1476.0
ST40_3, May 11 2021,-9.4698,43.6521,1416.0,7.45,35.5467,218.7,1400.0,1476.0
ST40_4, May 11 2021,-9.4698,43.6521,1416.0,7.47,35.547,218.7,1400.0,1476.0
ST40_5, May 11 2021,-9.4698,43.6521,1113.0,10.79,36.0888,183.2,1101.0,1476.0
ST40_6, May 11 2021,-9.4698,43.6521,1112.0,10.78,36.0867,183.2,1100.0,1476.0
ST40_7, May 11 2021,-9.4698,43.6521,1009.0,11.29,36.1243,180.5,999.0,1476.0
ST40_8, May 11 2021,-9.4698,43.6521,1011.0,11.3,36.1248,180.3,1001.0,1476.0
ST40_9, May 11 2021,-9.4698,43.6521,849.0,11.61,36.0427,181.7,841.0,1476.0
ST40_10, May 11 2021,-9.4698,43.6521,849.0,11.61,36.0435,181.6,841.0,1476.0
ST40_11, May 11 2021,-9.4698,43.6521,563.0,10.87,35.571,204.2,558.0,1476.0
ST40_12, May 11 2021,-9.4698,43.6521,565.0,10.87,35.5694,204.1,560.0,1476.0
ST40_13, May 11 2021,-9.4698,43.6521,470.0,11.02,35.5212,216.8,466.0,1476.0
ST40_14, May 11 2021,-9.4698,43.6521,471.0,11.02,35.5208,216.7,467.0,1476.0
ST40_15, May 11 2021,-9.4698,43.6521,200.0,12.01,35.5769,247.0,199.0,1476.0
ST40_16, May 11 2021,-9.4698,43.6521,200.0,12.02,35.5776,247.2,198.0,1476.0
ST40_17, May 11 2021,-9.4698,43.6521,101.0,12.55,35.6186,251.8,100.0,1476.0
ST40_18, May 11 2021,-9.4698,43.6521,101.0,12.55,35.6186,251.9,100.0,1476.0
ST40_19, May 11 2021,-9.4698,43.6521,26.0,13.18,35.6064,263.4,26.0,1476.0
ST40_20, May 11 2021,-9.4698,43.6521,27.0,13.18,35.6065,263.8,27.0,1476.0
ST40_21, May 11 2021,-9.4698,43.6521,26.0,13.18,35.6061,263.5,26.0,1476.0
ST40_22, May 11 2021,-9.4698,43.6521,26.0,13.18,35.6055,263.6,25.0,1476.0
ST40_23, May 11 2021,-9.4698,43.6521,21.0,13.94,35.5534,268.9,21.0,1476.0
ST40_24, May 11 2021,-9.4698,43.6521,20.0,14.01,35.5472,267.8,20.0,1476.0
ST41_1, May 11 2021,-9.5,43.7205,1938.0,4.2,35.049,255.8,1914.0,1924.0
ST41_2, May 11 2021,-9.5,43.7205,1941.0,4.18,35.048,255.5,1917.0,1924.0
ST41_3, May 11 2021,-9.5,43.7205,1822.0,4.41,35.0722,254.3,1800.0,1924.0
ST41_4, May 11 2021,-9.5,43.7205,1822.0,4.43,35.0743,254.3,1799.0,1924.0
ST41_5, May 11 2021,-9.5,43.7205,1620.0,5.34,35.196,244.2,1601.0,1924.0
ST41_6, May 11 2021,-9.5,43.7205,1618.0,5.34,35.1956,244.5,1599.0,1924.0
ST41_7, May 11 2021,-9.5,43.7205,1264.0,8.66,35.7032,203.6,1250.0,1924.0
ST41_8, May 11 2021,-9.5,43.7205,1262.0,8.68,35.705,203.7,1248.0,1924.0
ST41_9, May 11 2021,-9.5,43.7205,1110.0,10.82,36.0873,183.2,1098.0,1924.0
ST41_10, May 11 2021,-9.5,43.7205,1110.0,10.82,36.0878,183.1,1098.0,1924.0
ST41_11, May 11 2021,-9.5,43.7205,959.0,11.26,36.0691,181.0,950.0,1924.0
ST41_12, May 11 2021,-9.5,43.7205,957.0,11.27,36.0683,181.0,948.0,1924.0
ST41_13, May 11 2021,-9.5,43.7205,808.0,11.24,35.9668,183.2,800.0,1924.0
ST41_14, May 11 2021,-9.5,43.7205,808.0,11.24,35.9682,183.3,800.0,1924.0
ST41_15, May 11 2021,-9.5,43.7205,404.0,11.32,35.5347,223.5,400.0,1924.0
ST41_16, May 11 2021,-9.5,43.7205,201.0,12.0,35.5693,247.5,199.0,1924.0
ST41_17, May 11 2021,-9.5,43.7205,201.0,12.0,35.5695,247.7,199.0,1924.0
ST41_18, May 11 2021,-9.5,43.7205,101.0,12.66,35.6117,253.6,100.0,1924.0
ST41_19, May 11 2021,-9.5,43.7205,100.0,12.66,35.6121,253.9,99.0,1924.0
ST41_20, May 11 2021,-9.5,43.7205,45.0,13.19,35.6185,261.9,45.0,1924.0
ST41_21, May 11 2021,-9.5,43.7205,44.0,13.18,35.6206,263.3,44.0,1924.0
ST41_22, May 11 2021,-9.5,43.7205,44.0,13.18,35.6204,262.9,44.0,1924.0
ST41_23, May 11 2021,-9.5,43.7205,20.0,14.63,35.538,263.0,20.0,1924.0
ST41_24, May 11 2021,-9.5,43.7205,20.0,14.69,35.5346,262.6,20.0,1924.0
TW1_Cont-41, May 11 2021,-9.5,43.7205,5.0,,,,5.0,
ST44_1, May 11 2021,-9.1016,44.2077,1802.0,4.15,35.0564,254.0,1780.0,1790.0
ST44_2, May 11 2021,-9.1016,44.2077,1804.0,4.15,35.0563,254.0,1781.0,1790.0
ST44_3, May 11 2021,-9.1016,44.2077,1620.0,5.37,35.2088,242.7,1601.0,1790.0
ST44_4, May 11 2021,-9.1016,44.2077,1618.0,5.38,35.2099,242.9,1599.0,1790.0
ST44_5, May 11 2021,-9.1016,44.2077,1467.0,6.49,35.3541,229.5,1450.0,1790.0
ST44_6, May 11 2021,-9.1016,44.2077,1465.0,6.49,35.3531,229.5,1448.0,1790.0
ST44_7, May 11 2021,-9.1016,44.2077,1262.0,8.17,35.5825,207.2,1248.0,1790.0
ST44_8, May 11 2021,-9.1016,44.2077,1264.0,8.16,35.5819,207.1,1250.0,1790.0
ST44_9, May 11 2021,-9.1016,44.2077,1011.0,9.91,35.8058,188.8,1000.0,1790.0
ST44_10, May 11 2021,-9.1016,44.2077,1009.0,9.9,35.8059,189.0,999.0,1790.0
ST44_11, May 11 2021,-9.1016,44.2077,757.0,10.87,35.759,188.9,750.0,1790.0
ST44_12, May 11 2021,-9.1016,44.2077,756.0,10.87,35.7587,189.0,749.0,1790.0
ST44_13, May 11 2021,-9.1016,44.2077,506.0,11.16,35.5123,223.0,501.0,1790.0
ST44_14, May 11 2021,-9.1016,44.2077,505.0,11.16,35.5124,223.5,500.0,1790.0
ST44_15, May 11 2021,-9.1016,44.2077,303.0,11.73,35.5451,238.5,300.0,1790.0
ST44_16, May 11 2021,-9.1016,44.2077,303.0,11.73,35.5454,237.8,301.0,1790.0
ST44_17, May 11 2021,-9.1016,44.2077,304.0,11.73,35.5452,238.2,302.0,1790.0
ST44_18, May 11 2021,-9.1016,44.2077,102.0,12.43,35.5943,260.2,101.0,1790.0
ST44_19, May 11 2021,-9.1016,44.2077,100.0,12.43,35.5943,260.6,99.0,1790.0
ST44_20, May 11 2021,-9.1016,44.2077,30.0,13.3,35.5319,268.5,30.0,1790.0
ST44_21, May 11 2021,-9.1016,44.2077,29.0,13.31,35.5318,268.9,29.0,1790.0
ST44_22, May 11 2021,-9.1016,44.2077,29.0,13.31,35.5318,269.0,29.0,1790.0
ST44_23, May 11 2021,-9.1016,44.2077,19.0,13.51,35.5008,270.3,19.0,1790.0
ST44_24, May 11 2021,-9.1016,44.2077,19.0,13.54,35.4971,270.2,19.0,1790.0
TW1_Cont-44, May 11 2021,-9.1016,44.2077,5.0,,,,5.0,
ST48_1, May 13 2021,-7.3391,44.2116,2381.0,3.24,34.9677,254.9,2348.0,2358.0
ST48_2, May 13 2021,-7.3391,44.2116,2380.0,3.24,34.9678,254.8,2347.0,2358.0
ST48_3, May 13 2021,-7.3391,44.2116,2025.0,3.81,35.0102,255.8,1999.0,2358.0
ST48_4, May 13 2021,-7.3391,44.2116,2027.0,3.82,35.0106,255.9,2001.0,2358.0
ST48_5, May 13 2021,-7.3391,44.2116,1518.0,5.8,35.247,237.4,1501.0,2358.0
ST48_6, May 13 2021,-7.3391,44.2116,1518.0,5.82,35.2472,237.4,1501.0,2358.0
ST48_7, May 13 2021,-7.3391,44.2116,1137.0,9.79,35.8363,191.1,1125.0,2358.0
ST48_8, May 13 2021,-7.3391,44.2116,1137.0,9.78,35.8341,191.3,1125.0,2358.0
ST48_9, May 13 2021,-7.3391,44.2116,1010.0,10.02,35.8169,188.4,1000.0,2358.0
ST48_10, May 13 2021,-7.3391,44.2116,1010.0,10.03,35.8166,188.3,999.0,2358.0
ST48_11, May 13 2021,-7.3391,44.2116,884.0,10.39,35.8041,186.9,875.0,2358.0
ST48_12, May 13 2021,-7.3391,44.2116,883.0,10.39,35.8048,186.5,874.0,2358.0
ST48_13, May 13 2021,-7.3391,44.2116,757.0,10.63,35.7337,189.5,750.0,2358.0
ST48_14, May 13 2021,-7.3391,44.2116,756.0,10.63,35.7342,189.5,749.0,2358.0
ST48_15, May 13 2021,-7.3391,44.2116,379.0,11.22,35.5154,224.7,375.0,2358.0
ST48_16, May 13 2021,-7.3391,44.2116,379.0,11.23,35.5155,225.0,375.0,2358.0
ST48_17, May 13 2021,-7.3391,44.2116,201.0,11.88,35.5627,248.6,199.0,2358.0
ST48_18, May 13 2021,-7.3391,44.2116,201.0,11.89,35.5627,248.7,200.0,2358.0
ST48_19, May 13 2021,-7.3391,44.2116,102.0,12.26,35.5461,244.9,101.0,2358.0
ST48_20, May 13 2021,-7.3391,44.2116,102.0,12.26,35.5464,247.1,101.0,2358.0
ST48_21, May 13 2021,-7.3391,44.2116,31.0,13.63,35.4487,266.9,30.0,2358.0
ST48_22, May 13 2021,-7.3391,44.2116,29.0,13.63,35.4491,266.9,28.0,2358.0
ST48_23, May 13 2021,-7.3391,44.2116,19.0,13.64,35.4497,267.6,19.0,2358.0
ST48_24, May 13 2021,-7.3391,44.2116,20.0,13.64,35.4499,267.4,19.0,2358.0
TW1_Cont-48, May 13 2021,-7.3391,44.2116,5.0,,,,5.0,
ST49_1, May 13 2021,-6.7125,44.0393,1749.0,4.57,35.0933,248.8,1728.0,1738.0
ST49_2, May 13 2021,-6.7125,44.0393,1749.0,4.57,35.0934,248.6,1728.0,1738.0
ST49_3, May 13 2021,-6.7125,44.0393,1518.0,5.55,35.2187,238.5,1500.0,1738.0
ST49_4, May 13 2021,-6.7125,44.0393,1518.0,5.57,35.2204,238.3,1501.0,1738.0
ST49_5, May 13 2021,-6.7125,44.0393,1212.0,8.87,35.7199,200.4,1199.0,1738.0
ST49_6, May 13 2021,-6.7125,44.0393,1212.0,8.91,35.7257,200.4,1199.0,1738.0
ST49_7, May 13 2021,-6.7125,44.0393,1011.0,9.77,35.8012,189.5,1000.0,1738.0
ST49_8, May 13 2021,-6.7125,44.0393,1011.0,9.77,35.8005,189.4,1001.0,1738.0
ST49_9, May 13 2021,-6.7125,44.0393,909.0,10.3,35.8182,186.6,900.0,1738.0
ST49_10, May 13 2021,-6.7125,44.0393,909.0,10.31,35.8138,186.8,900.0,1738.0
ST49_11, May 13 2021,-6.7125,44.0393,607.0,10.74,35.6109,198.6,601.0,1738.0
ST49_12, May 13 2021,-6.7125,44.0393,606.0,10.73,35.6115,198.8,600.0,1738.0
ST49_13, May 13 2021,-6.7125,44.0393,405.0,11.14,35.5262,218.4,401.0,1738.0
ST49_14, May 13 2021,-6.7125,44.0393,405.0,11.14,35.5265,218.7,401.0,1738.0
ST49_15, May 13 2021,-6.7125,44.0393,201.0,12.02,35.5476,242.8,199.0,1738.0
ST49_16, May 13 2021,-6.7125,44.0393,201.0,12.02,35.5476,242.2,199.0,1738.0
ST49_17, May 13 2021,-6.7125,44.0393,201.0,12.03,35.5479,242.6,200.0,1738.0
ST49_18, May 13 2021,-6.7125,44.0393,101.0,12.37,35.5346,246.5,100.0,1738.0
ST49_19, May 13 2021,-6.7125,44.0393,101.0,12.38,35.5322,246.2,100.0,1738.0
ST49_20, May 13 2021,-6.7125,44.0393,30.0,13.69,35.444,267.9,30.0,1738.0
ST49_21, May 13 2021,-6.7125,44.0393,30.0,13.69,35.4439,268.3,30.0,1738.0
ST49_22, May 13 2021,-6.7125,44.0393,30.0,13.69,35.4435,268.3,30.0,1738.0
ST49_23, May 13 2021,-6.7125,44.0393,21.0,13.7,35.4444,268.6,21.0,1738.0
ST49_24, May 13 2021,-6.7125,44.0393,21.0,13.7,35.4444,268.7,21.0,1738.0
TW1_Cont-49, May 13 2021,-6.7125,44.0393,5.0,,,,5.0,
ST50_1, May 13 2021,-5.8982733,43.9780656,1749.781,5.1217,35.1633,242.437,1728.498,1738.498
ST50_2, May 13 2021,-5.8982733,43.9780656,1750.41,5.0893,35.1605,242.512,1729.116,1738.498
ST50_3, May 13 2021,-5.8982733,43.9780656,1618.478,5.4963,35.2084,238.704,1599.287,1738.498
ST50_4, May 13 2021,-5.8982733,43.9780656,1618.623,5.4979,35.2082,238.854,1599.43,1738.498
ST50_5, May 13 2021,-5.8982733,43.9780656,1416.245,6.8349,35.3859,222.334,1400.121,1738.498
ST50_6, May 13 2021,-5.8982733,43.9780656,1417.024,6.8316,35.3857,222.512,1400.889,1738.498
ST50_7, May 13 2021,-5.8982733,43.9780656,1111.969,9.2127,35.7289,194.965,1100.103,1738.498
ST50_8, May 13 2021,-5.8982733,43.9780656,1111.726,9.2009,35.7282,194.89,1099.863,1738.498
ST50_9, May 13 2021,-5.8982733,43.9780656,969.262,10.2015,35.8518,186.829,959.245,1738.498
ST50_10, May 13 2021,-5.8982733,43.9780656,968.962,10.2239,35.8582,187.11,958.949,1738.498
ST50_11, May 13 2021,-5.8982733,43.9780656,859.198,10.5833,35.8409,185.451,850.542,1738.498
ST50_12, May 13 2021,-5.8982733,43.9780656,859.673,10.5982,35.8409,185.519,851.012,1738.498
ST50_13, May 13 2021,-5.8982733,43.9780656,505.186,10.9479,35.5362,211.408,500.522,1738.498
ST50_14, May 13 2021,-5.8982733,43.9780656,505.287,10.9644,35.5356,211.565,500.621,1738.498
ST50_15, May 13 2021,-5.8982733,43.9780656,303.28,11.5871,35.5359,231.699,300.626,1738.498
ST50_16, May 13 2021,-5.8982733,43.9780656,300.503,11.6099,35.5367,231.728,297.876,1738.498
ST50_17, May 13 2021,-5.8982733,43.9780656,300.247,11.6125,35.537,231.79,297.621,1738.498
ST50_18, May 13 2021,-5.8982733,43.9780656,100.893,12.3425,35.5293,252.678,100.059,1738.498
ST50_19, May 13 2021,-5.8982733,43.9780656,100.821,12.3616,35.5276,252.52,99.987,1738.498
ST50_20, May 13 2021,-5.8982733,43.9780656,57.334,12.6173,35.4797,262.13,56.867,1738.498
ST50_21, May 13 2021,-5.8982733,43.9780656,57.518,12.6204,35.4793,262.702,57.048,1738.498
ST50_22, May 13 2021,-5.8982733,43.9780656,57.855,12.6164,35.4802,262.661,57.383,1738.498
ST50_23, May 13 2021,-5.8982733,43.9780656,20.552,13.7552,35.4665,267.83,20.386,1738.498
ST50_24, May 13 2021,-5.8982733,43.9780656,20.5,13.7571,35.4669,267.701,20.334,1738.498
TW1_Cont-50, May 13 2021,-5.8982733,43.9780656,5.0,,,,5.0,
ST51_1, May 13 2021,-5.4546226,44.0697358,1996.272,3.9485,35.0273,253.28,1970.832,1980.832
ST51_2, May 13 2021,-5.4546226,44.0697358,1996.384,3.925,35.0266,253.005,1970.942,1980.832
ST51_3, May 13 2021,-5.4546226,44.0697358,1871.863,4.0941,35.0426,252.531,1848.548,1980.832
ST51_4, May 13 2021,-5.4546226,44.0697358,1871.37,4.0963,35.0428,252.536,1848.063,1980.832
ST51_5, May 13 2021,-5.4546226,44.0697358,1669.743,5.2312,35.1683,242.991,1649.731,1980.832
ST51_6, May 13 2021,-5.4546226,44.0697358,1670.624,5.2441,35.1697,242.873,1650.597,1980.832
ST51_7, May 13 2021,-5.4546226,44.0697358,1416.829,7.0703,35.432,220.725,1400.684,1980.832
ST51_8, May 13 2021,-5.4546226,44.0697358,1416.334,7.0536,35.4298,220.676,1400.197,1980.832
ST51_9, May 13 2021,-5.4546226,44.0697358,1111.248,9.3544,35.7555,194.108,1099.382,1980.832
ST51_10, May 13 2021,-5.4546226,44.0697358,1112.064,9.4011,35.7622,193.894,1100.187,1980.832
ST51_11, May 13 2021,-5.4546226,44.0697358,909.533,10.5339,35.8682,185.204,900.254,1980.832
ST51_12, May 13 2021,-5.4546226,44.0697358,908.278,10.5383,35.8668,185.316,899.015,1980.832
ST51_13, May 13 2021,-5.4546226,44.0697358,807.241,10.5834,35.7606,187.329,799.202,1980.832
ST51_14, May 13 2021,-5.4546226,44.0697358,807.949,10.5936,35.7677,187.267,799.901,1980.832
ST51_15, May 13 2021,-5.4546226,44.0697358,505.32,10.9614,35.5251,213.78,500.65,1980.832
ST51_16, May 13 2021,-5.4546226,44.0697358,251.608,11.8284,35.5389,226.996,249.435,1980.832
ST51_17, May 13 2021,-5.4546226,44.0697358,250.996,11.8333,35.5385,226.888,248.829,1980.832
ST51_18, May 13 2021,-5.4546226,44.0697358,100.552,12.4837,35.4945,250.308,99.72,1980.832
ST51_19, May 13 2021,-5.4546226,44.0697358,101.027,12.4872,35.4943,250.518,100.191,1980.832
ST51_20, May 13 2021,-5.4546226,44.0697358,74.866,12.6328,35.4613,256.158,74.251,1980.832
ST51_21, May 13 2021,-5.4546226,44.0697358,75.107,12.6553,35.4569,258.226,74.49,1980.832
ST51_22, May 13 2021,-5.4546226,44.0697358,74.69,12.6529,35.4575,259.486,74.077,1980.832
ST51_23, May 13 2021,-5.4546226,44.0697358,23.07,14.0303,35.3913,269.496,22.883,1980.832
ST51_24, May 13 2021,-5.4546226,44.0697358,23.096,14.0311,35.3912,269.753,22.909,1980.832
ST52_1, May 14 2021,-5.3704844,44.0048921,1505.657,4.5924,35.1051,246.954,1488.197,1498.197
ST52_2, May 14 2021,-5.3704844,44.0048921,1506.8,4.5549,35.1,247.23,1489.322,1498.197
ST52_3, May 14 2021,-5.3704844,44.0048921,1417.123,5.1927,35.1763,241.058,1400.983,1498.197
ST52_4, May 14 2021,-5.3704844,44.0048921,1417.971,5.193,35.176,241.392,1401.818,1498.197
ST52_5, May 14 2021,-5.3704844,44.0048921,1213.079,8.7888,35.6862,200.302,1199.843,1498.197
ST52_6, May 14 2021,-5.3704844,44.0048921,1212.819,8.8627,35.6944,200.439,1199.587,1498.197
ST52_7, May 14 2021,-5.3704844,44.0048921,1012.039,9.9651,35.8089,188.495,1001.475,1498.197
ST52_8, May 14 2021,-5.3704844,44.0048921,1012.049,9.9679,35.8076,188.636,1001.486,1498.197
ST52_9, May 14 2021,-5.3704844,44.0048921,859.845,10.3352,35.7795,187.461,851.179,1498.197
ST52_10, May 14 2021,-5.3704844,44.0048921,860.318,10.3532,35.7812,187.466,851.647,1498.197
ST52_11, May 14 2021,-5.3704844,44.0048921,707.969,10.568,35.6522,192.589,701.089,1498.197
ST52_12, May 14 2021,-5.3704844,44.0048921,707.612,10.5677,35.6524,192.408,700.735,1498.197
ST52_13, May 14 2021,-5.3704844,44.0048921,504.643,11.0429,35.5481,211.195,499.983,1498.197
ST52_14, May 14 2021,-5.3704844,44.0048921,504.467,11.0379,35.5488,210.961,499.809,1498.197
ST52_15, May 14 2021,-5.3704844,44.0048921,251.605,11.8888,35.5374,227.057,249.433,1498.197
ST52_16, May 14 2021,-5.3704844,44.0048921,252.305,11.8966,35.5379,227.734,250.127,1498.197
ST52_17, May 14 2021,-5.3704844,44.0048921,252.143,11.8965,35.5379,227.621,249.966,1498.197
ST52_18, May 14 2021,-5.3704844,44.0048921,252.098,11.896,35.5378,227.305,249.923,1498.197
ST52_19, May 14 2021,-5.3704844,44.0048921,67.212,12.7804,35.4382,268.433,66.661,1498.197
ST52_20, May 14 2021,-5.3704844,44.0048921,67.192,12.7963,35.4374,268.56,66.642,1498.197
ST52_21, May 14 2021,-5.3704844,44.0048921,67.205,12.7962,35.4375,270.18,66.654,1498.197
ST52_22, May 14 2021,-5.3704844,44.0048921,67.561,12.7962,35.4378,270.446,67.008,1498.197
ST52_23, May 14 2021,-5.3704844,44.0048921,22.414,14.1953,35.3604,264.67,22.233,1498.197
ST52_24, May 14 2021,-5.3704844,44.0048921,22.029,14.1954,35.3606,264.488,21.851,1498.197
TW1_Cont-52, May 14 2021,-5.3704844,44.0048921,5.0,,,,5.0,
ST53_1, May 14 2021,-5.2406555,43.9234369,996.672,9.8398,35.7912,188.772,986.312,996.312
ST53_2, May 14 2021,-5.2406555,43.9234369,997.25,9.8395,35.7913,188.93,986.883,996.312
ST53_3, May 14 2021,-5.2406555,43.9234369,911.474,10.1253,35.7792,186.952,902.183,996.312
ST53_4, May 14 2021,-5.2406555,43.9234369,911.301,10.1254,35.7794,186.979,902.012,996.312
ST53_5, May 14 2021,-5.2406555,43.9234369,759.275,10.4628,35.7241,188.081,751.809,996.312
ST53_6, May 14 2021,-5.2406555,43.9234369,758.51,10.4622,35.7244,188.02,751.054,996.312
ST53_7, May 14 2021,-5.2406555,43.9234369,604.898,10.742,35.5975,200.164,599.173,996.312
ST53_8, May 14 2021,-5.2406555,43.9234369,604.957,10.7511,35.5944,200.261,599.231,996.312
ST53_9, May 14 2021,-5.2406555,43.9234369,505.727,11.0063,35.5562,208.947,501.059,996.312
ST53_10, May 14 2021,-5.2406555,43.9234369,506.113,11.0078,35.556,208.903,501.442,996.312
ST53_11, May 14 2021,-5.2406555,43.9234369,505.777,11.0073,35.5561,209.043,501.108,996.312
ST53_12, May 14 2021,-5.2406555,43.9234369,505.791,11.007,35.5562,209.009,501.123,996.312
ST53_13, May 14 2021,-5.2406555,43.9234369,254.602,11.842,35.5432,229.085,252.405,996.312
ST53_14, May 14 2021,-5.2406555,43.9234369,254.317,11.8417,35.5432,229.073,252.123,996.312
ST53_15, May 14 2021,-5.2406555,43.9234369,253.465,11.8419,35.5432,229.139,251.279,996.312
ST53_16, May 14 2021,-5.2406555,43.9234369,253.521,11.8419,35.5433,229.012,251.334,996.312
ST53_17, May 14 2021,-5.2406555,43.9234369,254.492,11.8427,35.5434,228.906,252.296,996.312
ST53_18, May 14 2021,-5.2406555,43.9234369,255.006,11.8425,35.5435,229.132,252.805,996.312
ST53_19, May 14 2021,-5.2406555,43.9234369,75.627,12.6043,35.4579,247.414,75.007,996.312
ST53_20, May 14 2021,-5.2406555,43.9234369,76.055,12.603,35.4586,247.623,75.431,996.312
ST53_21, May 14 2021,-5.2406555,43.9234369,76.46,12.601,35.4592,247.34,75.833,996.312
ST53_22, May 14 2021,-5.2406555,43.9234369,75.885,12.6011,35.4591,247.684,75.262,996.312
ST53_23, May 14 2021,-5.2406555,43.9234369,21.066,13.9331,35.4117,265.983,20.896,996.312
ST53_24, May 14 2021,-5.2406555,43.9234369,20.688,13.9344,35.4117,266.056,20.521,996.312
ST54_1, May 14 2021,-5.1683585,43.8389655,641.318,10.6159,35.6511,195.049,635.196,645.196
ST54_2, May 14 2021,-5.1683585,43.8389655,641.857,10.6158,35.6513,195.038,635.73,645.196
ST54_3, May 14 2021,-5.1683585,43.8389655,505.746,11.0641,35.5569,209.989,501.082,645.196
ST54_4, May 14 2021,-5.1683585,43.8389655,504.682,11.0631,35.5562,209.999,500.029,645.196
ST54_5, May 14 2021,-5.1683585,43.8389655,402.538,11.3355,35.5344,218.948,398.925,645.196
ST54_6, May 14 2021,-5.1683585,43.8389655,402.287,11.3384,35.538,218.951,398.677,645.196
ST54_7, May 14 2021,-5.1683585,43.8389655,303.59,11.8189,35.5453,230.663,300.936,645.196
ST54_8, May 14 2021,-5.1683585,43.8389655,303.607,11.8203,35.5461,230.7,300.954,645.196
ST54_9, May 14 2021,-5.1683585,43.8389655,303.379,11.8198,35.5453,230.849,300.728,645.196
ST54_10, May 14 2021,-5.1683585,43.8389655,102.752,12.4568,35.4855,252.047,101.903,645.196
ST54_11, May 14 2021,-5.1683585,43.8389655,101.647,12.4555,35.4914,251.918,100.808,645.196
ST54_12, May 14 2021,-5.1683585,43.8389655,102.108,12.4579,35.4907,251.849,101.265,645.196
ST54_13, May 14 2021,-5.1683585,43.8389655,103.029,12.457,35.4915,251.674,102.178,645.196
ST54_14, May 14 2021,-5.1683585,43.8389655,102.403,12.4577,35.4912,252.119,101.558,645.196
ST54_15, May 14 2021,-5.1683585,43.8389655,102.586,12.4586,35.4905,251.775,101.738,645.196
ST54_16, May 14 2021,-5.1683585,43.8389655,103.143,12.4552,35.492,251.424,102.292,645.196
ST54_17, May 14 2021,-5.1683585,43.8389655,101.791,12.4599,35.4907,251.964,100.95,645.196
ST54_18, May 14 2021,-5.1683585,43.8389655,103.529,12.4565,35.491,251.887,102.673,645.196
ST54_19, May 14 2021,-5.1683585,43.8389655,59.57,12.768,35.4492,270.533,59.085,645.196
ST54_20, May 14 2021,-5.1683585,43.8389655,58.963,12.7653,35.4505,270.409,58.483,645.196
ST54_21, May 14 2021,-5.1683585,43.8389655,59.06,12.7703,35.4544,269.859,58.579,645.196
ST54_22, May 14 2021,-5.1683585,43.8389655,59.029,12.7753,35.4522,270.599,58.548,645.196
ST54_23, May 14 2021,-5.1683585,43.8389655,20.215,14.2662,35.3325,264.304,20.053,645.196
ST54_24, May 14 2021,-5.1683585,43.8389655,20.205,14.2632,35.3323,264.288,20.042,645.196
TW1_Cont-54, May 14 2021,-5.1683585,43.8389655,5.0,,,,5.0,
ST60_1, May 14 2021,-5.1137903,44.1719177,2555.738,3.2216,34.9654,253.905,2519.852,2529.852
ST60_2, May 14 2021,-5.1137903,44.1719177,2555.001,3.2223,34.9654,253.989,2519.131,2529.852
ST60_3, May 14 2021,-5.1137903,44.1719177,2331.716,3.3851,34.9781,254.924,2300.175,2529.852
ST60_4, May 14 2021,-5.1137903,44.1719177,2332.075,3.3929,34.9783,254.899,2300.527,2529.852
ST60_5, May 14 2021,-5.1137903,44.1719177,2025.2,3.8499,35.0169,254.167,1999.237,2529.852
ST60_6, May 14 2021,-5.1137903,44.1719177,2023.856,3.8524,35.017,254.244,1997.917,2529.852
ST60_7, May 14 2021,-5.1137903,44.1719177,1516.942,5.8747,35.2511,235.181,1499.288,2529.852
ST60_8, May 14 2021,-5.1137903,44.1719177,1517.669,5.8727,35.2512,235.441,1500.003,2529.852
ST60_9, May 14 2021,-5.1137903,44.1719177,1264.008,8.2869,35.6052,206.06,1250.046,2529.852
ST60_10, May 14 2021,-5.1137903,44.1719177,1264.185,8.289,35.6055,206.035,1250.221,2529.852
ST60_11, May 14 2021,-5.1137903,44.1719177,1010.912,9.9358,35.817,190.063,1000.347,2529.852
ST60_12, May 14 2021,-5.1137903,44.1719177,1010.035,9.9417,35.8167,190.167,999.482,2529.852
ST60_13, May 14 2021,-5.1137903,44.1719177,856.165,10.3996,35.7511,187.661,847.531,2529.852
ST60_14, May 14 2021,-5.1137903,44.1719177,856.787,10.4021,35.7528,187.596,848.146,2529.852
ST60_15, May 14 2021,-5.1137903,44.1719177,605.555,10.8015,35.5801,202.804,599.809,2529.852
ST60_16, May 14 2021,-5.1137903,44.1719177,605.525,10.8046,35.5796,203.026,599.778,2529.852
ST60_17, May 14 2021,-5.1137903,44.1719177,303.436,11.7018,35.5432,230.531,300.775,2529.852
ST60_18, May 14 2021,-5.1137903,44.1719177,303.4,11.7005,35.5433,230.805,300.74,2529.852
ST60_19, May 14 2021,-5.1137903,44.1719177,100.355,12.4399,35.4978,248.917,99.524,2529.852
ST60_20, May 14 2021,-5.1137903,44.1719177,99.959,12.4416,35.4976,248.42,99.132,2529.852
ST60_21, May 14 2021,-5.1137903,44.1719177,57.493,12.8252,35.4506,269.828,57.023,2529.852
ST60_22, May 14 2021,-5.1137903,44.1719177,57.138,12.8301,35.4502,269.804,56.671,2529.852
ST60_23, May 14 2021,-5.1137903,44.1719177,19.862,13.817,35.4456,265.524,19.702,2529.852
ST60_24, May 14 2021,-5.1137903,44.1719177,20.47,13.8194,35.4452,265.514,20.305,2529.852
TW1_Cont-60, May 14 2021,-5.1137903,44.1719177,5.0,,,,5.0,
ST7_1, May 02 2021,-5.8579,35.961,421.0,13.56,38.4912,172.9,418.0,428.0
ST7_2, May 02 2021,-5.8579,35.961,421.0,13.56,38.4905,172.9,418.0,428.0
ST7_3, May 02 2021,-5.8579,35.961,404.0,13.55,38.4911,172.9,400.0,428.0
ST7_4, May 02 2021,-5.8579,35.961,404.0,13.55,38.491,172.9,400.0,428.0
ST7_5, May 02 2021,-5.8579,35.961,351.0,13.54,38.4927,172.7,349.0,428.0
ST7_6, May 02 2021,-5.8579,35.961,351.0,13.54,38.4932,172.7,349.0,428.0
ST7_7, May 02 2021,-5.8579,35.961,302.0,13.56,38.4777,173.9,299.0,428.0
ST7_8, May 02 2021,-5.8579,35.961,302.0,13.56,38.4777,173.7,300.0,428.0
ST7_9, May 02 2021,-5.8579,35.961,253.0,13.61,38.451,175.1,251.0,428.0
ST7_10, May 02 2021,-5.8579,35.961,254.0,13.6,38.4571,175.3,252.0,428.0
ST7_11, May 02 2021,-5.8579,35.961,199.0,13.73,38.3527,178.9,197.0,428.0
ST7_12, May 02 2021,-5.8579,35.961,199.0,13.73,38.3523,179.1,197.0,428.0
ST7_13, May 02 2021,-5.8579,35.961,178.0,13.87,38.1953,182.3,176.0,428.0
ST7_14, May 02 2021,-5.8579,35.961,178.0,13.87,38.1938,182.5,176.0,428.0
ST7_15, May 02 2021,-5.8579,35.961,126.0,14.46,37.5553,197.1,125.0,428.0
ST7_16, May 02 2021,-5.8579,35.961,125.0,14.64,37.4136,198.6,124.0,428.0
ST7_17, May 02 2021,-5.8579,35.961,100.0,14.76,36.9248,201.7,99.0,428.0
ST7_18, May 02 2021,-5.8579,35.961,99.0,14.8,36.7375,203.7,98.0,428.0
ST7_19, May 02 2021,-5.8579,35.961,77.0,15.11,36.172,215.5,76.0,428.0
ST7_20, May 02 2021,-5.8579,35.961,77.0,15.12,36.1868,215.4,76.0,428.0
ST7_21, May 02 2021,-5.8579,35.961,45.0,17.16,36.4048,242.9,44.0,428.0
ST7_22, May 02 2021,-5.8579,35.961,45.0,17.16,36.4059,242.7,44.0,428.0
ST7_23, May 02 2021,-5.8579,35.961,22.0,17.94,36.4145,240.6,22.0,428.0
ST7_24, May 02 2021,-5.8579,35.961,22.0,17.94,36.4146,240.5,22.0,428.0
TW1_Cont-7, May 02 2021,-5.8579,35.961,,,,,5.0,428.0
ST8_1, May 02 2021,-6.7839,35.9156,751.0,13.54,37.331,184.9,745.0,755.0
ST8_2, May 02 2021,-6.7839,35.9156,751.0,13.55,37.3385,185.3,745.0,755.0
ST8_3, May 02 2021,-6.7839,35.9156,707.0,13.42,37.2761,184.2,700.0,755.0
ST8_4, May 02 2021,-6.7839,35.9156,707.0,13.41,37.2751,184.1,701.0,755.0
ST8_5, May 02 2021,-6.7839,35.9156,654.0,12.23,36.4945,176.5,648.0,755.0
ST8_6, May 02 2021,-6.7839,35.9156,654.0,12.21,36.4813,176.8,648.0,755.0
ST8_7, May 02 2021,-6.7839,35.9156,586.0,12.03,36.0694,182.7,581.0,755.0
ST8_8, May 02 2021,-6.7839,35.9156,587.0,12.03,36.0702,182.4,582.0,755.0
ST8_9, May 02 2021,-6.7839,35.9156,555.0,11.72,35.8538,180.6,551.0,755.0
ST8_10, May 02 2021,-6.7839,35.9156,556.0,11.7,35.8508,180.7,551.0,755.0
ST8_11, May 02 2021,-6.7839,35.9156,534.0,11.9,35.8127,184.4,530.0,755.0
ST8_12, May 02 2021,-6.7839,35.9156,535.0,11.92,35.8145,185.8,531.0,755.0
ST8_13, May 02 2021,-6.7839,35.9156,482.0,11.63,35.6194,185.6,478.0,755.0
ST8_14, May 02 2021,-6.7839,35.9156,482.0,11.63,35.6197,185.5,478.0,755.0
ST8_14b, May 02 2021,-6.7839,35.9156,303.0,13.345,35.83345,194.85,300.0,755.0
ST8_15, May 02 2021,-6.7839,35.9156,150.0,15.06,36.0472,204.2,149.0,755.0
ST8_16, May 02 2021,-6.7839,35.9156,150.0,15.16,36.0561,204.2,149.0,755.0
ST8_17, May 02 2021,-6.7839,35.9156,66.0,16.84,36.3754,239.7,66.0,755.0
ST8_18, May 02 2021,-6.7839,35.9156,66.0,16.85,36.3759,240.4,65.0,755.0
ST8_19, May 02 2021,-6.7839,35.9156,65.0,16.85,36.376,240.6,64.0,755.0
ST8_20, May 02 2021,-6.7839,35.9156,65.0,16.86,36.3758,240.0,64.0,755.0
ST8_21, May 02 2021,-6.7839,35.9156,22.0,18.1,36.4217,241.9,22.0,755.0
ST8_22, May 02 2021,-6.7839,35.9156,22.0,18.1,36.4212,242.1,22.0,755.0
ST8_23, May 02 2021,-6.7839,35.9156,22.0,18.09,36.4227,241.9,22.0,755.0
ST8_24, May 02 2021,-6.7839,35.9156,22.0,18.09,36.4223,241.9,22.0,755.0
TW1_Cont-8, May 02 2021,-6.7839,35.9156,,,,,5.0,755.0
ST9_1, May 02 2021,-7.4868,36.1886,1034.0,13.24,37.0002,182.8,1024.0,1034.0
ST9_2, May 02 2021,-7.4868,36.1886,1034.0,13.24,37.0001,182.7,1024.0,1034.0
ST9_3, May 02 2021,-7.4868,36.1886,988.0,13.27,36.9982,183.4,979.0,1034.0
ST9_4, May 02 2021,-7.4868,36.1886,988.0,13.27,36.9988,183.5,979.0,1034.0
ST9_5, May 02 2021,-7.4868,36.1886,932.0,13.27,36.9816,184.1,923.0,1034.0
ST9_6, May 02 2021,-7.4868,36.1886,932.0,13.27,36.9831,183.8,923.0,1034.0
ST9_7, May 02 2021,-7.4868,36.1886,911.0,13.0,36.8001,182.6,902.0,1034.0
ST9_8, May 02 2021,-7.4868,36.1886,911.0,13.02,36.8124,182.8,902.0,1034.0
ST9_9, May 02 2021,-7.4868,36.1886,859.0,12.66,36.6025,181.2,851.0,1034.0
ST9_10, May 02 2021,-7.4868,36.1886,859.0,12.66,36.5998,181.3,851.0,1034.0
ST9_11, May 02 2021,-7.4868,36.1886,759.0,11.52,36.0408,174.3,752.0,1034.0
ST9_12, May 02 2021,-7.4868,36.1886,760.0,11.51,36.0388,174.1,753.0,1034.0
ST9_13, May 02 2021,-7.4868,36.1886,707.0,10.75,35.6395,168.4,701.0,1034.0
ST9_14, May 02 2021,-7.4868,36.1886,707.0,10.75,35.6376,168.3,701.0,1034.0
ST9_15, May 02 2021,-7.4868,36.1886,505.0,11.52,35.6089,185.5,501.0,1034.0
ST9_16, May 02 2021,-7.4868,36.1886,505.0,11.51,35.6088,185.4,501.0,1034.0
ST9_17, May 02 2021,-7.4868,36.1886,202.0,14.78,35.9778,207.3,200.0,1034.0
ST9_18, May 02 2021,-7.4868,36.1886,202.0,14.8,35.9843,206.9,200.0,1034.0
ST9_19, May 02 2021,-7.4868,36.1886,91.0,16.79,36.3808,237.3,90.0,1034.0
ST9_20, May 02 2021,-7.4868,36.1886,91.0,16.79,36.381,237.6,90.0,1034.0
ST9_21, May 02 2021,-7.4868,36.1886,91.0,16.79,36.3812,237.9,90.0,1034.0
ST9_22, May 02 2021,-7.4868,36.1886,91.0,16.79,36.3811,238.1,90.0,1034.0
ST9_23, May 02 2021,-7.4868,36.1886,21.0,18.69,36.4878,239.7,21.0,1034.0
ST9_24, May 02 2021,-7.4868,36.1886,21.0,18.69,36.4882,239.6,21.0,1034.0
TW1_Cont-9, May 02 2021,-7.4868,36.1886,,,,,5.0,
ST28_bis_1, May 07 2021,-10.3468,39.5945,4488.0,2.48,34.8988,247.1,4407.0,4417.0
ST28_bis_2, May 07 2021,-10.3468,39.5945,4487.0,2.48,34.8987,246.6,4406.0,4417.0
ST28_bis_3, May 07 2021,-10.3468,39.5945,4275.0,2.46,34.8992,247.8,4200.0,4417.0
ST28_bis_4, May 07 2021,-10.3468,39.5945,4276.0,2.46,34.8992,247.4,4201.0,4417.0
ST28_bis_5, May 07 2021,-10.3468,39.5945,3456.0,2.51,34.9125,247.4,3401.0,4417.0
ST28_bis_6, May 07 2021,-10.3468,39.5945,2634.0,3.12,34.979,249.9,2598.0,4417.0
ST28_bis_7, May 07 2021,-10.3468,39.5945,2634.0,3.13,34.9786,249.8,2598.0,4417.0
ST28_bis_8, May 07 2021,-10.3468,39.5945,1719.0,6.27,35.4174,230.4,1699.0,4417.0
ST28_bis_9, May 07 2021,-10.3468,39.5945,1720.0,6.31,35.4139,230.5,1699.0,4417.0
ST28_bis_10, May 07 2021,-10.3468,39.5945,1313.0,11.17,36.3296,183.7,1299.0,4417.0
ST28_bis_11, May 07 2021,-10.3468,39.5945,1314.0,11.19,36.3267,183.7,1300.0,4417.0
ST28_bis_12, May 07 2021,-10.3468,39.5945,1111.0,11.35,36.2608,180.7,1100.0,4417.0
ST28_bis_13, May 07 2021,-10.3468,39.5945,1111.0,11.35,36.2602,180.7,1100.0,4417.0
ST28_bis_14, May 07 2021,-10.3468,39.5945,807.0,12.15,36.2301,183.2,799.0,4417.0
ST28_bis_15, May 07 2021,-10.3468,39.5945,807.0,12.15,36.232,183.3,799.0,4417.0
ST28_bis_16, May 07 2021,-10.3468,39.5945,352.0,12.31,35.6677,205.0,349.0,4417.0
ST28_bis_17, May 07 2021,-10.3468,39.5945,101.0,15.0,36.0173,235.4,100.0,4417.0
ST28_bis_18, May 07 2021,-10.3468,39.5945,100.0,15.0,36.0178,235.6,99.0,4417.0
ST28_bis_19, May 07 2021,-10.3468,39.5945,101.0,15.0,36.019,236.0,100.0,4417.0
ST28_bis_20, May 07 2021,-10.3468,39.5945,66.0,15.45,36.0746,253.1,65.0,4417.0
ST28_bis_21, May 07 2021,-10.3468,39.5945,65.0,15.45,36.081,253.5,65.0,4417.0
ST28_bis_22, May 07 2021,-10.3468,39.5945,65.0,15.45,36.0778,253.4,65.0,4417.0
ST28_bis_23, May 07 2021,-10.3468,39.5945,21.0,17.0,35.996,246.4,20.0,4417.0
ST28_bis_24, May 07 2021,-10.3468,39.5945,21.0,17.0,35.9962,246.4,20.0,4417.0
TW1_Cont-28_bis, May 07 2021,-10.3468,39.5945,5.0,,,,5.0,
